804
5 16
48874 90613 30091 70553 47081 98759 14459 86009 31929 83777 62891 41431 34776 32713 85820 69906 
14 16
57106 92796 27676 7166 79169 36842 86966 29824 24976 10793 12947 70476 33620 42278 55357 46235 
15 14
1051 17740 97244 23394 81548 34990 8913 59740 17745 2196 21436 29618 12330 83108 
16 18
45060 59477 46573 65538 46212 31044 12081 14484 40720 66289 69365 78933 45051 80933 21273 86246 79317 19163 
18 14
52395 75224 35169 98878 80302 64396 52255 56601 55842 73308 69057 29586 74997 74125 
25 13
69060 16523 31263 8959 97951 14449 79583 60620 87786 28562 5898 26816 87370 
29 18
93750 80532 77682 66311 68449 12708 33042 69361 80009 55674 33336 68691 77350 99675 97733 50056 23600 69534 
34 15
89682 58167 34868 54026 6351 37051 88521 94768 27800 78776 66243 95869 22903 97750 83619 
42 15
89954 75269 75467 5504 37126 27005 93173 83940 64401 8725 72038 29654 10211 4919 65467 
48 13
23765 22992 25194 35013 36919 83383 60186 18532 67080 20457 54540 97064 58936 
53 11
19871 45897 2478 60488 1061 70968 67042 56156 61098 42293 27198 
54 16
67037 84312 25896 13920 66803 72890 42403 52778 1443 50638 97254 81349 16396 49211 24468 30585 
58 15
73007 29746 20337 94469 38991 92131 54095 4043 76612 44540 82981 17962 86222 45516 26116 
61 16
26401 83635 10448 17897 30734 22628 26630 270 91850 91434 4280 78493 81777 99911 74641 38128 
69 13
61389 68154 51531 84681 86023 24952 65739 92147 5808 11810 61912 52387 35067 
72 19
78903 86298 89314 46450 48253 91093 11162 4881 4102 54942 91784 59615 12452 17698 60433 38635 16099 63639 52737 
73 11
82289 20938 78262 61346 92750 76043 69928 88601 30379 79103 22148 
75 12
72551 43652 28823 22522 43815 92243 80304 45665 65236 19632 28878 90752 
79 12
5547 40712 20294 15601 95827 81522 68010 9743 3069 34003 17409 92238 
81 12
40496 50496 46586 31915 36541 62136 50891 83633 84897 10508 13133 44840 
83 15
28287 31628 96069 41578 72666 13463 65409 73003 68141 43912 83179 85294 80483 17989 20825 
88 19
92257 9925 71517 64710 83567 26920 13921 16584 30039 87879 95943 28074 15842 42841 8235 85299 83687 16004 96717 
92 10
73669 87154 33545 20672 9131 37274 57354 42710 23932 76538 
107 14
79550 48205 321 13672 92509 52031 18315 11429 82899 33607 2626 50847 61850 11806 
111 14
70445 1692 38153 55457 20320 15253 61427 1559 40466 79430 45472 8792 78382 97759 
115 10
76397 58775 15264 96238 44635 99249 50746 55235 5443 60419 
116 12
17924 73207 90103 35172 44003 36649 87578 17844 39838 90934 20463 1333 
117 12
77801 47988 5922 25033 77041 650 77334 1511 67040 84600 60073 70006 
122 10
89613 22078 98090 37843 47800 78834 12344 70053 13385 55902 
124 20
24621 61355 24050 73992 27245 14060 85089 95809 42217 1761 15639 22781 19998 50535 14797 90452 15396 72008 98554 59965 
141 10
61373 37098 52135 42032 33554 84401 11061 1616 27534 21027 
142 9
27708 52504 70926 25320 72905 41397 44876 69776 29870 
143 13
13638 279 49036 83523 39825 77545 66255 60993 52677 12602 5193 2562 66161 
144 18
17601 68050 19783 36936 74147 66224 51871 82815 81337 5168 98171 431 82951 92868 44290 22337 90129 48185 
147 19
85475 37898 25669 55169 77014 37483 53926 37740 14550 52718 63425 73296 19749 94927 22178 10586 68662 35845 88118 
156 10
13469 15885 65197 1251 54977 20438 46885 42859 47307 36043 
165 19
70232 77458 56855 28355 37089 6338 82111 76135 81958 57068 78600 71402 78531 77356 91426 51720 33518 29967 88798 
177 18
56212 95196 74013 35086 79625 32108 68856 58466 24856 38787 859 58838 63728 41033 86060 56541 45612 722 
180 20
22770 56086 52970 71005 98128 862 79716 3243 20863 72660 75870 84541 97815 53633 57753 65750 31588 87213 35394 54866 
196 10
66180 49095 90527 21560 83139 33435 22238 89215 5115 13141 
198 13
36870 79943 3333 11316 19029 46140 9872 42091 40934 37953 86139 64023 38878 
200 19
89919 26167 90809 66573 4363 31708 30350 97659 58943 15101 57090 78464 64627 95173 29706 31027 26181 60053 51575 
205 18
48013 59987 38482 66489 17610 89409 35266 36301 67607 64997 5036 28752 22789 15899 54398 81965 8895 85922 
215 13
57345 89190 66100 99274 57002 75230 94955 58909 80511 91887 73349 85451 53445 
220 19
80199 58268 37332 69313 53737 15813 42679 16920 19587 51537 813 17440 92984 90127 48577 79410 27476 33342 18369 
237 13
48154 91842 88352 73477 67478 86725 31849 80910 82791 7343 12804 95786 62161 
239 15
71350 73369 70868 72392 9766 98361 82499 1599 18522 41516 89876 18200 37133 49031 12443 
242 17
20744 36153 189 19002 23468 395 70018 45438 89742 43269 48235 10942 17280 86949 78106 10820 98978 
245 18
12185 19063 26545 49980 74282 42277 67961 9366 35988 85377 13505 21775 43905 33358 95513 21579 93787 82311 
248 17
84520 45880 42673 9102 63932 7283 42868 33656 4364 21590 71460 10590 14983 41047 41711 31765 99836 
255 18
39570 82915 5672 46524 5944 79059 79133 94892 61948 28377 34142 18475 53204 60046 1534 48077 94936 65354 
257 12
40565 7848 48541 46943 30468 23752 43841 35009 50651 88115 10011 47090 
271 12
35724 20456 63979 58492 43628 32097 73697 10308 69751 16770 21063 52609 
274 18
11253 76837 97174 41942 20047 85834 63867 16922 44588 68208 32735 93847 60929 78607 39445 78870 61834 25880 
283 16
34533 97389 53977 20758 89784 37540 66568 17747 17523 97229 48462 80348 2751 69277 42973 41323 
290 14
91032 26169 35459 55135 99901 91328 16298 21136 59417 97713 59035 97769 75750 23235 
293 16
89089 32085 1378 30919 15322 88008 35161 19233 74344 52805 98159 66807 21757 87656 46410 23028 
296 18
13112 53679 13780 20885 34006 34131 9523 80421 62489 18247 68972 44461 32470 7083 95246 70315 5286 18353 
301 11
80619 32502 27535 43797 59599 79443 97823 97084 12478 51829 61545 
309 14
79531 60152 88030 19890 85953 65057 35295 73142 84177 9524 17401 32493 43885 51725 
310 15
58340 56999 2192 17185 14930 83307 27463 9345 99948 18449 22665 91758 75665 53010 47216 
314 15
63165 1523 93867 44995 50012 59963 60167 22302 10109 84531 64337 88138 70539 92456 64334 
317 10
87192 14071 82751 5507 50601 91989 35908 75006 47106 62775 
319 16
71080 9703 56712 1286 108 55351 44632 75106 65450 13491 29987 61579 12761 3195 30045 2162 
322 14
37233 86071 41345 22915 26229 52127 65870 72500 6746 11553 24630 98762 96607 47789 
335 12
47002 51965 37895 80480 93125 67888 94501 37203 76675 29236 14122 96982 
336 13
33376 95097 68306 69547 14879 35413 708 45101 4456 4018 20031 78480 72530 
337 13
42781 44595 21105 60311 90248 2378 60537 92183 14332 22544 36601 92029 54872 
339 17
55575 72357 17915 46187 37593 86688 13498 52082 34201 36061 42160 43697 88088 69372 79228 27942 77635 
349 19
83215 64201 92378 49971 45706 10212 55168 56492 71808 20469 87536 18167 97265 39545 93253 59352 73350 99807 34171 
350 12
63551 16689 4757 28363 2565 10810 43238 77936 8204 39345 55647 34408 
354 13
875 43612 7916 40715 36524 30651 96198 25768 12881 24559 31721 91603 17591 
358 14
99987 72306 13196 74558 69733 92882 26921 25027 61764 82429 24525 80552 17648 71018 
360 10
51762 9390 19893 26241 80824 80851 30215 77074 31367 18869 
363 19
31948 37433 80368 16716 11267 97712 78075 97688 96606 42838 90068 53736 90484 82794 53122 65294 33729 40487 66598 
370 17
94177 63098 12080 99380 66522 48966 18799 21353 32684 68900 4267 96575 29325 46210 72080 60985 32555 
371 18
48248 62569 12359 76661 368 74557 76161 4481 41272 97230 51237 78025 95536 49930 48435 10165 59367 94840 
379 17
60701 50125 83468 49135 86948 97853 93399 40299 32075 6458 48493 89172 39454 72588 64684 47267 97232 
381 16
83622 64923 41769 26995 75098 86835 13349 8747 17315 7 2754 40665 97925 23543 3837 78218 
383 15
4838 88866 94394 94186 69734 91316 32051 92070 54707 23838 928 82241 20909 67988 4887 
389 18
62520 3777 2817 46437 60813 80513 98125 89658 35872 85213 97289 57105 91243 35995 56458 31056 16355 60971 
399 12
5704 5660 36203 59660 55849 58319 86560 72616 44405 92949 16700 83483 
401 20
76985 17057 5896 76566 56920 13170 58449 2236 54414 4749 45239 13769 26745 61483 75380 48257 37875 88244 86633 20960 
402 11
13302 16935 484 6296 13032 68896 45607 90307 742 93325 58338 
407 13
71500 89988 97045 43265 85883 24876 75547 63462 6225 18420 586 67822 80675 
410 17
86274 75795 10196 16982 88539 51626 62165 2155 2897 47334 80829 65641 41174 58919 36890 78865 97393 
411 14
9068 71621 45593 57859 26650 51259 93165 9205 25443 97204 23144 15717 10414 98201 
414 20
58203 57632 134 4391 35170 30257 13209 3857 11876 12491 43849 47195 82540 55000 67594 72431 98692 78367 75477 61099 
416 17
27052 96196 71411 80870 58698 61397 57140 78548 10280 82929 19674 84065 97542 348 1508 34561 85782 
417 20
1989 6910 94957 53611 54617 35858 275 15324 96586 66048 10368 24763 99685 93582 60189 47041 23860 42052 67351 95889 
425 15
81000 75010 51475 86321 90604 68633 98376 58348 95214 76580 11372 80044 18998 26221 85559 
426 10
48728 5242 49744 6427 63707 89569 34598 47318 98210 44266 
427 11
40282 97772 44066 77837 50193 75089 99282 92463 98000 77656 43303 
428 13
53465 53124 51815 59948 15024 70490 57126 32829 57072 17920 72723 82063 7788 
429 18
50240 98693 9338 12563 74800 4563 69309 52052 90776 16011 34658 65576 97297 7651 74594 94069 22388 46763 
440 20
97381 92904 22116 75875 72845 65068 51407 17196 14865 96386 81887 22669 22051 52863 29751 90229 52208 64025 88277 98786 
445 16
27036 14411 24640 90346 86612 92413 64459 24482 59344 35349 36172 32384 2014 69678 55148 18854 
451 10
55199 66191 78636 94095 15297 46950 87307 62222 15961 55813 
456 17
55689 71859 18385 65439 18127 7165 66596 41921 62416 94108 60387 37620 87689 53796 44679 9380 59989 
458 17
48823 30142 15900 31129 56783 97306 52949 43977 28797 80536 16259 11323 50016 28423 128 45076 62355 
462 16
11995 88288 65678 36094 36722 92412 96865 12322 82077 31505 72407 29109 84319 76817 73681 45164 
465 19
32334 36875 4418 11588 22169 666 54490 30843 39961 82793 1139 5493 43640 48125 57715 27856 31246 43614 10458 
470 20
58852 34110 50532 75916 83487 71140 7128 61793 85789 84614 84978 34263 30681 84652 60568 54586 72655 42465 65050 72346 
479 11
65438 31568 15780 13011 90023 95650 77731 9176 95716 4191 15992 
486 20
97830 4790 62384 35600 70433 92872 57487 16438 74082 1886 17824 92546 21153 32434 30785 80033 28477 78122 77753 31791 
488 17
68035 42727 59801 35973 83896 98260 26991 47487 70627 8544 30759 65211 87425 9180 28850 65737 77241 
490 12
88188 10519 60348 30696 39605 5411 97000 44257 737 53040 24207 104 
500 18
57125 91652 66310 83347 58655 98148 78037 25274 65414 62468 99206 71608 23993 53816 94222 22226 22260 98225 
515 10
89148 14908 50616 14317 54890 73933 88571 6102 86261 50076 
520 13
24213 81727 63571 13982 61116 41348 19502 13745 90702 22444 34091 30948 110 
521 16
57801 7326 82837 88648 85149 53166 61408 4233 76673 2254 80393 35549 98259 2059 84559 11261 
526 14
87714 67485 29292 2504 33586 16110 98157 9200 69570 54307 62761 16735 33981 1491 
537 18
81853 27234 39709 25397 98577 14282 26854 30595 85228 81256 86922 51889 76734 17842 15699 2473 98569 81581 
542 16
98025 90563 22135 98687 53334 56865 77058 77627 15560 88830 12927 45750 85408 60895 33694 35954 
543 17
58559 64299 41736 12440 80110 31781 27322 46859 38004 79899 19853 725 4937 44293 46146 5696 37868 
548 15
84013 4373 52961 54149 47559 71669 87751 95358 32263 30740 1969 74869 28077 87470 53466 
553 13
85293 24031 41198 4588 94079 99737 17475 92964 68602 11263 86338 47859 14976 
555 17
28172 79265 57518 37310 22635 29340 29929 67932 35007 11256 81758 83947 13054 26049 52206 52560 47424 
559 13
7190 36910 70353 45994 87584 3448 50412 84609 9269 19849 56575 5788 47217 
561 15
96955 95256 53763 74585 97761 8806 97800 8987 99897 85188 81332 72772 51002 25871 58923 
570 12
46901 43624 48556 33072 41613 41333 95930 64999 43671 77538 19972 7533 
572 11
66231 13883 27132 46019 44937 4152 12897 60007 30693 91355 86896 
576 11
27135 96841 61498 58222 39389 35371 16664 68442 22253 35571 47697 
579 10
49017 66917 71023 75165 45252 42065 62224 40520 12219 67171 
585 13
95338 58239 10728 47000 7897 22158 90553 72114 28778 78187 62068 40085 75655 
587 11
95174 14665 55872 43069 53810 56129 5159 79343 80208 89899 9451 
596 16
92762 4486 72410 13413 5803 19381 29978 90416 46476 86698 34563 21094 78750 45189 73424 62933 
599 19
65840 77874 84613 56373 86730 12746 11155 89722 2772 70241 78333 95277 91700 23800 20019 25834 77534 87674 87928 
604 13
53894 29140 79703 58896 46407 32057 80612 76134 18628 99172 76575 19444 16250 
613 17
29089 45699 1648 27843 58267 35584 66286 64411 58866 58538 62608 30748 3318 53323 6207 23127 98922 
620 17
33339 31142 90128 75530 86290 69387 52399 53525 11351 51771 30153 76139 63067 10717 27378 51858 17004 
625 13
19051 6725 67329 14438 19915 40621 36083 47274 43832 83509 45573 30496 33117 
627 20
74570 6016 49106 41993 94802 39432 20137 76493 13907 46427 61874 92874 60226 60962 18989 17668 47618 75802 52170 38799 
630 12
99705 81689 13442 74942 96602 22262 23529 19257 98988 11154 12850 25126 
637 17
31175 33750 57881 63248 53337 69260 62392 40066 86656 55018 76310 36630 85689 27172 81280 47643 76965 
643 18
80377 73064 23442 87427 71602 81916 65144 55374 62582 28243 99460 16021 4375 39678 84711 1126 8537 36961 
645 12
84181 55001 98599 29121 18510 6448 19778 41048 26267 47155 34872 35601 
650 13
88226 4701 26135 68353 59551 78483 50898 68345 60100 18275 44740 61008 78383 
656 11
53488 65486 79955 1859 41713 6519 78048 72462 84733 4613 79008 
657 10
39742 7188 35060 62073 18766 28948 27863 42847 83887 56560 
661 18
48941 87312 32402 83190 46618 77606 50977 25973 26557 49350 31489 55860 44823 15973 86001 9112 5110 66405 
664 10
5931 82544 97843 73122 53792 55136 8756 63781 19978 46568 
667 15
6535 49708 28636 42870 65505 84084 1529 6330 37390 92353 76211 6328 4430 42355 85898 
672 9
64764 28266 97881 77869 1186 75845 19788 26742 88872 
682 16
6927 88473 45690 47847 32681 57490 93357 90207 68424 33000 75338 67458 3557 84194 97980 44613 
693 16
30884 79029 18233 77061 24973 66704 34392 35676 66038 32671 38587 84908 98204 39490 52967 70660 
694 12
58055 95671 57748 50489 56320 42094 55401 49859 62376 44731 76704 2487 
703 16
86055 49338 23091 66951 89033 56745 36614 70286 79756 49317 45427 10282 39014 97238 73048 75982 
706 17
20841 2800 33992 13147 15331 28375 2442 10091 9322 90300 1804 68665 20981 96598 10130 21956 27067 
713 17
76825 61069 40408 3566 91155 87028 28713 45387 49475 28565 82198 32643 96448 89016 8217 52742 74248 
728 11
71631 17456 5940 20376 70282 71880 99924 57477 13816 5031 44705 
733 19
74547 79180 92724 39705 55817 92955 86454 49094 67770 13284 65928 10133 76251 80266 83833 95415 66261 27665 5837 
746 14
48407 191 96218 20325 16373 52454 73907 79867 90779 5247 52203 43748 79365 52917 
751 16
51453 15151 91075 29854 5449 33695 18471 15535 59538 92605 74094 59492 94239 41058 65399 15713 
752 17
30917 12133 28446 16350 55619 93744 18064 61302 70551 31700 72792 39254 94303 81483 26416 43031 91548 
757 15
89299 32956 80165 70386 61938 84610 80031 30516 85117 6899 3877 66258 81960 46077 46677 
760 13
30535 26755 56570 51019 43324 30015 79968 60978 11177 6888 57198 25233 98391 
761 16
82130 23432 21964 1932 76379 83408 83109 3173 78198 19086 56569 74057 344 80 3424 48972 
763 14
32342 91292 17145 51686 50314 76645 37379 69719 32527 63742 18827 61486 68872 82729 
773 14
3825 67720 54515 28987 88055 28834 71252 79104 84196 44638 23164 91395 72112 76659 
783 18
41389 593 99401 80409 50900 32306 89896 63943 68715 92020 99706 2958 18165 14838 67862 55062 85759 42106 
787 16
93804 28454 97031 28770 56648 68117 26830 58404 22951 18196 14260 39007 87547 65673 28862 44816 
794 10
74291 19230 26937 19564 94453 81411 19740 14396 9991 64596 
806 12
68168 71891 43442 81762 91541 93536 43249 77280 59283 25022 2074 82846 
811 19
94207 7006 87847 13093 66814 43056 25691 33777 60123 32257 58470 87977 36628 18871 84120 50881 19254 11148 68738 
814 19
41032 23036 55991 74620 46466 84848 52641 17022 94732 93376 50581 84488 75362 49076 63855 36942 5977 97902 93737 
820 18
17999 52153 81969 83119 30251 60338 8452 54419 97361 27479 88971 82097 26664 9376 44633 86250 44370 66360 
823 11
48365 26199 4444 79166 7067 50667 15779 34367 57307 47316 55022 
825 18
96894 9758 72211 62630 44047 35649 16387 19761 20058 49609 69306 83695 78064 32974 63729 37375 88894 72176 
829 10
55346 64598 2020 87347 79013 57872 84083 71741 11202 26965 
835 10
48122 91543 37860 17674 50444 52667 47344 80918 1114 41540 
837 15
54275 75340 8202 17330 60181 37687 63424 77 21657 4961 33419 43033 31301 82321 61215 
840 17
7307 56240 32726 4366 40919 93694 31436 80058 27925 49731 15538 13123 80803 12625 24554 11608 36179 
854 19
41186 99670 46127 41059 92231 24645 70000 20317 22817 81781 40915 38894 59807 59064 78498 30572 5310 95779 59377 
868 18
24532 71352 20414 52243 47902 44131 17941 98580 50525 50252 89428 42156 55200 38056 19436 48775 26508 4022 
871 15
20914 61630 90507 27474 33691 20631 62292 50882 94721 52377 68576 54053 11116 36114 30799 
891 19
5752 87948 33768 39858 68095 74930 64491 67375 77788 69921 44791 76477 88916 2533 10855 6322 25101 61413 79752 
897 16
3370 19537 89915 44446 35768 30177 90241 31964 62212 6362 43187 92813 64407 13632 85252 71146 
905 11
33693 47661 66607 89978 27684 36370 41493 51349 49717 94250 17697 
906 12
60103 28069 51287 44052 11604 24241 36627 87150 2770 75208 73612 46263 
907 9
36274 22820 38694 74734 47831 65891 45218 65743 41567 
908 16
10315 6822 40632 79850 4979 18170 20747 46361 53434 14943 95210 91148 69632 30744 95934 58626 
909 19
89774 42366 87173 17502 23621 33171 27663 24854 75877 65927 51278 94417 31093 87262 3975 8163 92502 53707 68062 
917 9
97211 85545 38274 99771 3449 59516 44084 33126 60729 
918 13
26806 50606 76152 48558 86026 49856 3345 26656 12247 92080 51025 50540 67123 
924 9
27088 30692 63681 59119 2009 9573 70719 32869 2345 
925 10
21489 81649 62837 54049 49873 54010 8095 10542 81081 67473 
928 15
30920 507 89887 20221 66655 43078 63385 488 919 28534 16047 28109 14961 81869 46933 
930 18
15374 77709 50122 98123 69882 60154 30940 68671 24536 24066 64593 64149 69252 62830 8878 55988 31670 68975 
944 17
3662 37178 73488 56522 77768 59276 58278 96608 65507 19856 8566 45558 38539 37072 73974 76846 90983 
945 13
70182 59483 64662 99617 54232 17173 33302 62066 79334 73256 19221 46515 92601 
949 20
85340 66774 85625 99103 51721 70208 16433 81237 96095 35429 22710 46937 29480 27370 44036 8189 75318 86022 34020 83829 
960 17
4926 90819 72642 26015 68638 81617 84332 76569 79697 10369 87430 69955 98653 96800 5744 46488 99227 
963 14
6568 37402 1039 98800 91036 83252 75948 83507 52089 82597 28885 80121 30255 72532 
969 15
16352 11375 3560 94144 29407 6800 51351 77890 36205 64681 38137 24281 90538 7644 4938 
973 15
91042 56535 18062 83999 67173 94639 50798 61097 92793 46139 6862 60779 92156 34780 64268 
977 19
51661 15208 57082 59726 47026 60321 15137 4854 51760 20231 11836 80977 77463 30726 81745 55702 82424 58115 85982 
983 12
8149 74032 80601 22963 94891 23431 63719 42650 21861 44155 13684 1403 
988 12
44001 6369 94636 63674 680 30576 51099 82782 79548 60135 5653 25124 
992 15
78950 59591 64705 87036 34783 81467 85969 58804 61062 97559 96724 15834 72826 98770 99374 
1002 16
64128 51557 43863 53213 49726 80553 79194 45978 38278 38792 61038 9968 27661 28160 29363 75761 
1004 12
87426 7509 2399 71234 62479 24346 19231 71759 40950 77426 99535 70011 
1014 16
62913 33578 74625 67950 21950 76791 30283 55274 41197 77146 7927 27325 74634 65429 46274 37599 
1023 15
9084 51587 94739 10828 85591 97098 27354 97587 89160 61112 83452 55186 99039 43370 30515 
1024 11
32114 24268 22368 4972 52032 38759 61721 82442 58408 68426 20277 
1028 10
48004 46773 88525 98360 77170 4225 92049 44539 60552 6622 
1029 10
2582 19794 64097 79024 7468 15258 90196 25966 52505 55391 
1036 16
41086 48263 72525 32080 42501 52614 55088 68330 73575 39091 295 96319 46805 22638 27438 92931 
1037 16
91667 36246 59078 46511 43317 11076 89697 59650 90410 17608 67113 97148 90382 23309 61415 86998 
1041 13
54408 14469 94426 73870 10289 57473 18919 93566 76719 39044 76267 23470 80354 
1045 20
17105 25087 20595 95978 77344 63622 90560 21886 41485 54028 20566 44114 43439 87873 56316 91949 29992 39892 38313 49560 
1046 10
46590 90429 79786 32405 18801 89745 24836 51995 27894 82979 
1048 17
51088 48944 42369 2777 9323 80509 35936 93924 87605 2719 98940 26530 94677 73942 36777 46095 40363 
1049 19
9900 3703 85078 54415 96767 42964 6246 52415 37155 97751 8378 96474 66147 75843 18847 95406 58459 77276 60680 
1051 15
41191 58128 12450 54663 65311 42308 70242 61279 27340 12699 18833 40752 71613 3680 97147 
1064 11
33307 63948 30403 51195 55237 58305 25526 519 43738 68709 3696 
1065 19
77947 91882 78289 87160 73016 56400 93966 54970 9015 76483 33295 36080 88148 59899 39346 28543 50281 9836 95946 
1070 10
29068 69810 34224 60827 59081 7092 48880 30639 1264 21838 
1071 20
32627 95206 63642 6887 6476 40591 24067 16958 95131 95444 51129 54740 72878 71649 69803 58381 18563 37300 93264 15724 
1086 11
45867 60512 16383 76487 47250 92886 67639 42472 33845 5810 35102 
1104 15
55890 58287 47255 49627 41195 17348 94172 3806 3022 71384 92947 77783 91881 62150 69450 
1109 9
29735 78813 65141 25962 74628 83089 14698 61713 38329 
1110 14
94775 46345 82667 63840 11124 17878 79216 46752 52822 79109 81924 76657 31146 13971 
1122 16
7037 16524 11366 61361 5258 35032 90599 39662 69073 9959 3419 90466 11343 1885 69606 77572 
1123 11
84388 15386 81414 60904 13407 25432 58159 92945 62034 39015 32793 
1133 18
89093 48670 67618 35861 41188 21741 20708 87020 41625 20269 4635 80544 23940 6023 84375 23045 22869 28103 
1137 14
94733 49198 52467 23843 32799 15617 53183 49964 181 41013 38498 89486 75813 86110 
1139 12
20382 63126 46215 51672 1884 41635 13159 33173 24234 59678 80578 19263 
1154 20
76263 89411 4517 21593 94666 38244 68390 82830 33886 87964 22384 93107 44725 33249 28816 45281 78403 13341 10939 36558 
1161 11
41509 24904 17614 57095 31630 50715 45754 83258 35684 47289 6615 
1164 13
99830 97734 12671 8251 20004 42917 29232 99321 72200 73021 62806 13120 73124 
1168 18
30282 62748 19358 29536 18339 80615 68517 38444 53642 83412 55040 94911 33938 35846 32721 87332 19266 25875 
1172 9
5986 25746 53813 53936 39355 43743 73560 5600 73063 
1173 16
20153 16136 43022 98061 38468 61286 20599 3757 14082 92218 76253 80006 78596 16426 28558 36425 
1176 13
17553 92171 91262 7382 85015 58895 35942 46632 57842 84570 38649 63336 80163 
1181 11
5320 29214 27377 28042 4193 28899 83554 92124 12567 78261 74718 
1189 17
18505 83259 27803 92432 97821 79407 87032 76647 24042 45900 15220 4207 96492 42713 95218 18054 822 
1195 13
9331 14934 67451 34 58034 12925 16525 81708 60713 65784 61163 99673 79555 
1201 20
78818 16196 58677 48464 28933 91106 33588 99331 63192 4850 34078 8851 93111 8585 6471 84256 26759 66837 33482 99899 
1212 13
5410 921 90835 31055 37877 71442 27182 81490 85212 23846 84548 1444 88741 
1222 17
18914 31943 47746 77507 76095 25850 6691 66617 13764 40964 75639 83967 78527 18917 49871 45088 66597 
1226 13
77342 44775 86281 44968 233 62617 22973 94276 96907 8998 64032 95939 75758 
1229 13
79616 90096 42863 89893 11794 11142 52749 50904 8896 76472 60936 79141 63469 
1234 13
75509 52546 17433 64852 63135 92287 51252 90492 37480 41240 26014 63663 18424 
1238 11
9767 86326 63395 3796 96974 89583 46884 87794 40087 78135 6089 
1241 17
35438 31753 25953 30381 22364 6017 67054 32832 86125 58465 64170 38480 99029 90313 34500 47856 33262 
1244 18
69323 4661 58545 65878 2194 9198 75652 73099 71727 60745 60374 15399 98458 71236 8718 40847 30477 88658 
1246 11
30500 51374 25166 98774 54425 80211 20097 93683 80527 90353 4487 
1249 9
87288 43004 60004 14370 24923 13016 70255 10207 76800 
1268 18
47798 98037 17914 42468 30239 12045 85192 73816 97669 80268 17540 21854 6648 2779 99819 5787 37784 68325 
1273 11
17672 18415 3190 57201 41680 46046 36243 91078 52543 71820 41885 
1274 20
54462 78981 7690 673 66288 23872 83511 40020 48214 60824 93789 61181 82843 76576 41491 43074 4021 27435 71581 65240 
1283 18
78912 89194 18163 45905 65797 29280 99157 21454 30634 38825 18667 43971 61184 34956 96458 87663 50561 9751 
1296 11
80466 19174 88340 88752 28937 9005 26826 95303 84642 45191 95991 
1298 16
65581 81228 60703 3430 61009 44073 18622 777 27229 17089 61899 71548 42801 78054 20610 75556 
1301 13
66189 68079 65256 60132 59236 89753 96931 34901 71793 5447 80640 8594 34502 
1303 10
10712 38393 86784 16140 62938 57796 68932 61669 69822 81156 
1307 16
46815 23465 72959 33850 60016 52535 77218 75297 48817 37105 24787 54991 76167 82495 30185 86902 
1310 19
21496 24043 84607 58675 58607 59988 54090 83275 29304 71875 32186 66170 57469 72089 55867 80156 21089 72820 29655 
1316 18
2024 8399 54062 76036 40854 47191 91966 42573 31724 11195 53426 67807 9602 16101 27652 88579 39821 16199 
1318 20
30334 99962 14868 53550 80494 57100 10334 95654 15196 98679 61901 55870 81761 31460 29097 44748 97398 33648 49411 82763 
1325 14
14556 45731 39053 2146 12569 50593 465 49607 29431 31296 26184 65793 34972 22494 
1331 17
69820 69818 38127 59676 12924 25333 72124 53581 3541 86946 72349 81015 31281 36055 41770 59974 82656 
1341 15
80065 41176 31616 24766 66562 61228 16372 94980 93236 469 77322 30802 62345 81938 15484 
1342 10
57895 74766 19315 46270 86196 14075 88043 56297 34616 63941 
1345 10
52360 31986 88362 82341 91428 59885 42322 94509 23559 51800 
1348 17
19371 53262 13098 39422 90465 58518 6111 27379 41574 65834 10838 56091 90943 73329 9142 55706 81953 
1349 19
28366 22375 94002 45850 11511 19353 74174 82237 75381 17539 56202 42110 32056 50069 8164 86640 63894 44508 75694 
1351 10
89302 21165 47154 36187 28930 19843 91501 59813 2942 36129 
1356 20
83283 52190 15920 73445 49706 77787 89796 40507 56979 61543 74453 1718 98328 70779 66975 63860 57786 7850 74656 13975 
1360 13
65475 34939 75510 16401 55306 48303 13682 66993 99570 74506 9139 20601 84443 
1361 18
2574 24193 8013 66725 49862 245 23315 37985 93481 98455 82665 67742 36891 65315 13303 23169 77140 36320 
1387 14
7146 33853 83555 24782 69901 47755 82649 1764 87865 47004 69293 1750 33690 11485 
1394 18
2359 1096 11683 81438 88850 66090 54932 94512 15018 15424 7515 31292 5295 39712 62801 15102 24054 63950 
1395 13
48474 91557 33187 97124 82736 5509 468 61711 53005 34983 83377 68152 63007 
1397 18
17529 14265 45733 65433 50055 56640 83582 1422 13136 29597 11232 73566 80506 18788 92248 95221 66665 36689 
1398 8
71515 68616 71375 53546 99371 19404 62751 103 
1401 18
21662 36831 18325 32087 99567 40839 88283 25313 59882 89744 35776 63603 33765 10209 85309 63672 77727 41249 
1417 11
70597 5296 68414 57554 71834 76016 65627 48142 89133 1736 95129 
1420 18
76512 26410 18028 72371 28783 88102 74425 89894 20791 11526 24206 24401 46426 80524 39276 82035 1597 84686 
1425 11
68541 41816 74273 90989 24556 55771 82434 44715 74693 71125 61665 
1427 10
16915 98986 40047 8827 56741 82504 7576 36020 86916 87619 
1432 15
44014 43667 71266 696 74840 39239 92158 63003 84417 35888 4996 39998 26297 67751 1554 
1439 12
61588 84358 7234 28094 67424 38152 30878 35447 17392 31219 69417 13653 
1448 13
89811 53233 91418 45379 95566 97191 46160 88725 92889 88507 45990 61385 52876 
1451 10
4002 65122 66207 1875 94924 67606 70261 13266 73304 64160 
1453 20
17714 25123 54983 15385 56190 28208 24651 38811 66733 39332 49749 74243 1339 59341 61255 12015 70749 68226 51412 22832 
1455 17
49776 84335 83228 42826 26347 28648 12021 18743 57348 39597 21744 1861 29948 49498 19662 75734 69716 
1458 12
20711 69893 25034 96190 82004 9039 84185 26866 35673 82976 57706 18413 
1464 9
10968 70201 32197 31005 90673 6964 61212 23162 40376 
1475 11
4597 72781 44559 90447 86472 73586 65092 45883 99146 75612 27977 
1476 17
47921 36162 67602 57158 72019 80283 96318 81097 86219 75901 67690 71712 97603 1961 97715 19419 62389 
1477 9
23814 88028 30077 82227 51894 86310 32372 2477 71393 
1478 18
29736 81910 56764 95287 31959 59763 21990 16091 11030 70272 94114 89956 99281 44076 3165 94760 88154 16541 
1481 16
74501 57324 89739 21795 2528 74128 42698 23414 3516 69948 33411 18457 95592 80569 18694 39013 
1488 12
24347 94462 22695 39288 94939 1762 80258 33891 32887 97224 14619 37975 
1489 10
16618 84676 96446 18780 68669 10960 6539 98757 40236 89091 
1499 13
87742 48559 43493 49634 4927 68796 21391 61651 42547 62500 8360 25111 47232 
1500 15
65605 28932 42562 91043 14209 43054 82465 8147 19342 14421 68817 88956 9293 40574 75446 
1502 13
81262 96194 87922 73268 9693 12830 44371 13465 94611 99891 42274 65482 29552 
1504 19
89495 53279 27272 73289 60114 6788 33029 48312 55493 5201 87612 81801 36228 76629 10783 25159 95023 12996 39026 
1506 18
39132 43158 63896 26680 10774 98002 35612 11935 32575 76033 87382 71105 95044 74048 16653 81939 38992 45517 
1507 15
96383 62551 44935 23003 54791 45804 14531 21198 70437 90475 84089 9953 30098 63316 958 
1515 14
74559 61927 54137 42788 64359 25660 35100 77174 81455 86824 82275 17660 36317 3235 
1516 20
74133 89052 28928 25096 6026 65931 21851 68551 75545 54631 96431 35392 99725 25771 88346 93938 7187 26779 86602 38377 
1520 11
34953 70041 59509 34585 24175 63132 32689 333 15181 25451 42209 
1521 9
22701 91929 33311 25408 13049 73574 16704 26915 34218 
1525 20
27961 60421 53366 68314 24060 42323 16791 93090 56296 88997 91112 59789 73558 22667 9352 62072 84745 94367 95293 9687 
1529 18
4901 41270 38199 87482 34145 42523 79966 77662 51543 65288 25606 6554 87517 41228 41879 12962 9994 53440 
1538 11
89539 52573 41813 68919 18017 28339 47429 42143 58325 26690 65580 
1541 11
50924 78308 29962 34350 86216 33129 52855 36213 78420 66921 11071 
1543 17
25996 496 24628 4455 80319 3414 86630 99264 55319 12232 81675 37255 47097 68795 52022 1636 98801 
1544 14
30370 16649 25713 67840 47926 39271 29314 37213 53034 8966 84168 91937 8785 62433 
1548 10
40589 55851 7862 3475 92675 75022 934 61821 97692 60640 
1549 11
52239 47431 78457 39536 92602 36648 5245 52007 61854 98461 25013 
1550 17
68279 46278 27391 39689 95024 9830 53781 32205 76247 33528 55633 96794 40400 94711 18735 3571 38858 
1551 15
57630 56068 37223 9404 57225 8504 2684 97317 68416 88606 60973 34746 12481 51535 21609 
1556 18
31645 94060 19297 39198 6231 10303 26954 91670 70486 16757 67871 40897 99500 30508 53033 82565 18307 74855 
1557 17
3194 79620 23157 2858 11168 5566 64895 5543 85028 49134 8127 13668 60485 657 24504 69284 23294 
1559 13
48838 83093 90715 51878 52328 13735 44809 57844 91615 49428 21448 94008 32310 
1561 17
30326 71237 38789 92091 25619 18027 92126 9880 16710 37006 87458 53032 16984 90433 5669 37612 27889 
1565 16
60497 21345 34472 94823 61342 97056 96150 29635 71487 32549 91398 82383 19907 52008 72597 5130 
1567 14
4065 40911 2279 11997 96641 45013 1703 81452 66855 1962 7603 10185 59192 41478 
1584 16
80641 55911 51502 39082 13976 20516 67789 75917 21771 11055 35610 87744 92745 95584 41634 30631 
1588 18
51817 62772 12455 73895 27446 6186 64328 38411 81941 98187 13277 79345 48737 96807 24869 28684 31691 59422 
1592 11
70452 75850 32221 24850 72048 58066 62834 76209 82031 5685 71327 
1596 14
43430 75356 60540 25014 30880 29111 76098 99733 15116 66979 11141 5745 19531 2125 
1603 17
45451 3401 67702 1478 65493 69034 29990 40011 25215 70693 29603 62512 22941 91212 64885 87388 64443 
1615 14
72081 8743 48943 41562 16979 2573 98400 2039 79922 81152 79395 41881 50652 83953 
1617 14
77589 93865 59984 29324 3912 28758 2333 90550 29606 91605 19774 91056 47934 70432 
1618 19
30016 59773 98289 41190 34808 30245 87687 19733 97250 2216 37148 89628 39408 59552 81907 27330 43601 36 16210 
1628 11
42777 11865 52569 25392 85298 37666 42398 60240 35945 19175 2257 
1629 17
17964 87209 5176 2401 83017 10507 52389 86931 63281 14848 90454 5238 72780 79503 29793 21337 57310 
1633 13
15659 42531 93347 43435 94786 72121 5312 58188 25661 17025 94223 26051 76842 
1634 13
75776 5282 2981 36241 90605 69902 18305 15323 87092 48779 774 57740 42058 
1638 10
52448 89528 97787 68545 71993 84949 5091 10482 5087 3724 
1640 16
80930 18860 91380 10173 17916 7256 57479 21242 61934 82408 230 5558 45617 97768 46517 28535 
1642 10
60376 28992 39035 40340 3529 44640 90029 33251 32091 80174 
1653 17
38343 94606 23427 57035 29400 96842 94978 91818 93600 28095 28629 53375 28621 32573 13447 98634 85842 
1657 18
8093 53199 7239 71576 22161 51640 67509 1123 59061 73580 3095 49563 90559 21146 19579 16686 74629 25718 
1659 13
6279 53843 75181 66551 60276 19804 50300 56181 42808 55938 76475 35568 43695 
1661 20
24511 85544 148 52131 38934 31834 63329 54200 78657 11558 39745 99581 61243 51298 24792 88907 35534 41620 75322 86486 
1668 19
80410 44718 9362 36335 24030 55783 58743 88494 67446 45921 46296 40392 71723 97548 21420 77215 17657 54122 77181 
1676 15
99340 97222 64768 71950 48718 80095 26087 76968 47734 63290 18676 14419 54584 30131 84112 
1679 14
51344 28976 19995 68538 90049 91367 6282 57066 96725 77193 44342 89694 72933 20174 
1682 9
21978 71806 3620 15285 53116 78983 64179 4814 67791 
1686 17
75853 43095 71881 81903 79064 27587 8722 82258 85775 84104 29562 51828 15568 44011 98186 6033 59290 
1689 12
25335 14729 44913 44785 95323 38963 54325 61250 23847 80118 4980 93148 
1693 10
55806 70070 16215 87726 72509 87171 26151 36505 50156 27902 
1705 16
69544 50406 45330 54074 27480 55585 26647 22932 28747 29573 10868 85721 41700 5702 26430 20589 
1707 13
22165 49920 31228 60513 4496 24638 71709 77047 77883 49110 16890 23566 99351 
1711 9
77518 15318 22263 27128 86544 87749 45685 15797 67380 
1717 14
39173 70544 87759 18282 63071 27712 42087 50955 30082 21343 4069 64919 69813 51369 
1723 13
78751 34302 40419 60342 93635 73071 78358 8285 12887 87936 33651 33745 70344 
1731 19
95703 43551 45653 49365 58646 62603 9773 68097 88863 6756 26239 40693 26296 4499 84056 44982 76857 2408 19645 
1732 18
66346 85095 77835 36969 86390 42712 79532 95742 51465 83200 20354 35228 81321 69460 13456 36844 59602 13721 
1737 17
11483 75184 75599 7055 24216 38352 41108 1912 35667 75169 18610 63090 39513 96574 74518 28258 7610 
1742 14
14368 94839 17314 33803 31796 57061 84870 56059 80433 41731 94946 49286 55744 58461 
1743 17
29366 24269 20821 50750 94296 23004 11480 12591 89597 50948 87627 76602 9692 68503 34912 80002 24247 
1746 9
10129 85863 13698 97538 46817 63222 56409 48698 46504 
1758 13
33065 30976 21867 84896 50587 77826 59903 62486 90146 58508 12772 68532 97776 
1759 10
64819 93292 60003 10298 78093 13082 67116 27616 62170 83614 
1760 8
5901 49620 14830 22422 40929 58487 82880 28953 
1777 13
18594 13881 96529 65113 45429 12658 77184 12267 93435 89216 43822 45486 90073 
1778 13
8363 18335 44766 98875 51003 37771 18685 68698 57572 7926 71627 14180 97633 
1789 12
69302 77689 77289 39740 20399 97752 84132 88868 30775 79708 20616 13792 
1791 14
34926 56041 68321 15044 86130 14746 52678 50869 54067 61782 59022 67833 10839 8675 
1800 12
62554 51532 24025 29997 39404 31341 97417 88329 62440 75484 37546 81760 
1803 19
55820 11354 66257 6187 40407 20220 4746 88812 30171 99296 99959 15430 29714 49557 60834 74092 90642 4666 39287 
1807 18
99187 7847 74681 89163 86753 77216 55560 8010 39933 93474 63275 97929 94259 60598 88738 48294 88360 49334 
1812 18
90159 89310 81393 40192 89741 97811 38890 66766 85113 78702 53322 87752 87679 65584 26813 54479 78892 52496 
1813 15
15149 72561 86728 94960 8506 31624 41353 71192 32864 86714 21712 58637 68464 55178 97048 
1815 19
39778 46231 11472 77584 53452 93261 73409 66241 96408 32932 62223 72567 19271 20432 52911 21898 7803 36287 72742 
1824 17
18005 15316 72932 65226 8572 30186 63962 46666 80885 33502 22845 29019 59120 81351 24816 93300 60722 
1826 16
83330 21922 66497 18765 64048 26070 38060 79766 17481 62632 83776 21512 5968 9471 55687 90765 
1828 11
73342 27081 64136 51385 73709 20268 25620 83994 13150 35173 88421 
1830 16
36419 38070 23345 20012 67032 5094 11193 19379 99555 87850 49157 84167 35453 11233 36071 26905 
1840 10
21464 63096 18197 67353 54509 77428 40971 96291 61037 31430 
1842 11
27023 81506 8019 20617 86868 40130 92422 99442 24906 64327 50234 
1844 17
95886 84941 6335 67733 28593 32769 92028 98585 47525 3226 20577 82730 22883 69508 67700 54363 19179 
1846 12
18047 88545 45443 1576 46687 96310 90456 48915 33501 71831 76664 59613 
1855 18
62318 68164 60793 73051 15651 59700 73047 98138 41712 95525 29595 99613 9069 34946 97531 58574 42300 96407 
1864 13
30623 34568 78112 80808 46864 18625 94551 54703 96511 52248 22717 43957 33943 
1868 13
26663 11514 31924 62025 61130 16181 68996 57376 50201 96293 57160 23550 7898 
1873 13
92516 81407 29783 83314 96876 14302 21409 91002 34416 83188 75354 89584 87217 
1876 14
73738 42203 59688 36846 59643 47861 46246 36623 69212 62546 70547 64029 43177 32017 
1878 11
28574 48646 44655 84076 11468 55740 18070 98695 95668 54475 33312 
1883 16
54108 67858 93686 55701 8527 46341 87448 93831 43476 34850 35036 87919 18921 97496 12144 41480 
1886 12
23337 32430 69917 34381 99025 18501 24943 27423 56011 77196 19375 16148 
1889 11
72546 96861 21113 11826 24778 87157 74022 97241 17273 56403 39841 
1899 17
23284 60303 1716 62989 58204 38591 27669 57857 20237 18414 54589 9339 3380 32672 93748 42150 25893 
1900 16
2202 78736 84127 92978 79683 95164 85919 39581 74098 44343 71537 23406 16673 50534 5857 8321 
1907 10
20878 51976 46720 32833 60202 23642 17083 99838 80149 87661 
1910 15
75890 32105 38706 90245 17618 11762 90311 71281 40637 48246 83784 77121 44994 88359 4959 
1915 11
38654 15968 76080 42436 53905 28859 80609 17522 22528 88549 24537 
1920 11
92944 41403 23506 3934 72215 68831 8964 16968 76614 80107 43813 
1922 16
28272 66594 78341 46302 47480 33006 83563 13471 10999 65637 56722 93974 72825 26616 61330 12422 
1923 12
26537 45187 23612 98448 2883 58861 85162 9757 778 40123 33125 99277 
1924 12
96748 21520 84775 51494 43103 27490 83603 14053 97887 18224 25447 93873 
1927 15
40567 86437 73243 91736 23592 23729 3347 37925 57500 25473 77772 33481 45031 32340 27236 
1939 11
56298 23542 7946 5946 30426 87958 68505 75122 83143 18390 28572 
1940 11
1935 18210 23551 17064 37971 60753 90017 71444 9662 8102 83694 
1942 10
58476 89005 14697 28170 3492 88322 23478 4303 53495 58111 
1948 16
51547 21221 44912 85158 44627 90682 62011 21302 39560 47299 87494 27621 80843 99273 14595 55184 
1949 19
24096 18968 71256 82966 98832 52845 63589 5658 7767 96757 99572 99686 77607 75188 21318 29512 46254 41367 1416 
1960 9
15752 64186 67313 63258 35270 71320 90691 79988 13869 
1963 20
36219 41579 22925 47421 21730 53039 77314 41118 27447 85379 41602 65636 60410 41207 70641 6107 95370 61203 33341 36653 
1967 14
43927 40905 58156 8369 33135 92869 11981 43534 5236 44470 26335 73638 40595 82135 
1973 17
28670 94800 27527 50348 37676 81346 89391 96683 14394 94537 65802 24433 91268 68673 65534 5102 55929 
1978 12
25345 65957 38207 98454 26571 46371 98923 92074 89758 76064 37793 14277 
1982 14
91896 78579 25876 81338 29932 84818 87622 361 96759 31774 52438 32294 94342 16936 
1984 10
41551 29613 12902 95766 33464 33105 92038 32744 60456 80178 
1985 18
21711 53075 17474 61947 55034 21684 44967 75766 36762 12654 85728 46771 50199 52897 15175 71188 72046 77460 
1989 12
61260 79182 39893 85142 89037 24761 80644 60870 97175 51836 64154 70849 
1992 11
27810 59875 19527 78260 12427 27647 83935 39856 40390 15657 23603 
1996 12
30382 63868 73587 26562 15683 69113 24317 33775 67027 34632 40074 83088 
2006 13
94498 96323 16873 36998 3964 20664 88446 79411 27157 42790 96719 75657 42447 
2013 19
92691 53835 31217 65444 23008 25257 71968 64823 44499 51428 79480 16225 51244 95549 58155 22440 9792 64668 41015 
2014 16
895 42773 40581 71397 4331 67482 61722 43259 45155 41020 47527 76869 10426 11824 78708 50136 
2017 16
20243 5622 94563 97604 74179 75426 76967 3036 29367 17264 23740 62087 67785 57327 59125 8443 
2019 11
19712 57464 52019 62269 45876 41804 58036 93659 62081 19719 65795 
2021 18
1843 27794 71286 50373 37252 78156 81421 71534 35269 23418 32198 37960 74288 59167 51017 78468 12950 64069 
2044 20
29958 39554 69029 71861 27066 89068 25945 63471 64546 92294 79761 7230 69976 59429 90947 34336 2766 73699 63723 84863 
2046 10
2182 12494 66633 42330 61705 70810 14743 55057 54706 61720 
2047 19
31450 16869 65400 85450 16253 81296 28650 75276 7932 37522 956 5708 80520 75223 44463 19298 94556 29083 10296 
2058 11
32764 85397 9370 20315 36073 80998 19708 37058 89966 65925 51763 
2075 18
49072 84055 68423 92693 1448 18433 18122 39879 70852 86288 50393 41424 87118 99139 69430 39111 4859 38228 
2079 17
81842 82091 18985 87837 87813 10174 47464 13037 60294 65350 96654 24382 58472 72866 87657 49369 22275 
2086 10
71240 64126 8855 22534 69080 50175 10082 77395 10909 21483 
2097 15
71974 13950 4479 36914 56512 59220 99396 58614 95184 70408 55915 19472 72902 35119 84576 
2098 16
81133 48008 3598 11875 66021 17562 26209 26588 96341 44220 90714 52591 85743 54257 67487 1994 
2100 18
35894 83379 59515 79502 1945 53743 76171 8045 35427 46250 81719 30916 5865 23256 97726 54967 94917 61905 
2109 15
59548 53017 16081 19152 43212 31327 64071 9177 42324 84424 53156 39183 32541 81350 12460 
2110 13
24868 61289 1347 39568 34012 21009 59501 33033 89707 86964 76856 26358 51188 
2111 14
29311 8110 26952 60105 43759 41618 6653 47961 10258 38453 6578 5996 60359 88323 
2115 20
57393 56546 631 52372 56731 70698 30329 99970 67550 40196 44940 50089 82299 3811 72783 62652 36470 54155 99988 28285 
2119 14
95209 45675 12283 84550 27592 88212 23288 40627 4940 76818 93238 34485 10162 59456 
2121 10
57567 90130 70619 66663 82022 95662 59729 69010 9257 79764 
2125 11
66700 19259 1852 15869 18797 39501 94670 22230 32608 29211 16192 
2126 18
91307 15433 24695 2994 83515 39045 37437 39158 5152 33272 46775 80042 18221 79908 75921 92653 6266 14772 
2131 16
39127 40821 96117 57250 32293 28303 63610 30118 96149 83882 5323 4950 49793 98680 60033 99241 
2137 18
70379 37854 56949 64790 4572 14704 36726 75376 26245 46404 93795 56775 24477 75016 88626 23019 70737 16397 
2138 12
5474 20154 37049 4045 49068 59919 59528 76670 1663 43595 15015 25805 
2143 11
15678 18889 34395 67372 79592 87144 21511 28330 86761 98833 21501 
2144 12
7776 62673 39234 65933 40437 18220 2623 37470 36485 59023 83373 8888 
2147 16
14417 21848 23635 69647 58874 70931 87523 88703 76154 69524 79979 39926 94883 66472 46721 70177 
2150 12
3509 51620 84647 73254 24728 96127 1271 49254 4570 2026 92688 54678 
2161 12
85231 60933 8541 77726 35535 42313 79403 33316 54735 27813 90603 29731 
2162 16
93034 49668 54504 17961 42376 81610 63614 31401 84861 54449 34879 81932 66269 35593 33165 44531 
2165 19
39897 5751 15537 41707 31359 34551 58770 30023 31140 14905 34105 66297 7075 25994 92114 34557 86229 83067 42089 
2173 16
32546 71167 51897 33439 12607 32753 82221 65624 93331 23723 23658 73730 22842 61124 31904 76018 
2181 12
88255 32199 52521 79324 473 59218 40055 26882 41475 37824 66690 45781 
2183 10
28438 80739 12011 32379 98029 97653 88653 28341 38033 74710 
2184 16
56306 3248 92225 93282 84164 4564 86864 55339 66110 9013 35277 94525 36428 38195 67940 13934 
2200 12
65165 88829 99833 71186 15714 85916 48075 57766 20587 46567 9436 98647 
2203 10
42602 65073 66772 2832 68082 49582 60445 70622 71567 36938 
2214 15
71149 6515 64376 37980 9236 69006 21223 59437 45646 59288 88742 94368 69665 75024 51556 
2218 11
57756 3024 28839 48324 82950 12836 30564 652 69555 72808 72893 
2222 14
71598 73781 86356 50365 96638 35595 85718 91389 56082 58117 12172 50142 34229 14026 
2224 17
51945 41920 90958 50479 21783 995 84004 50268 43924 12718 21346 54079 63440 8599 99336 58266 56122 
2233 14
48851 98684 10891 40443 52084 61160 66997 72735 7800 23356 18383 24448 18621 24127 
2235 17
18597 56327 65586 81026 75038 47269 39343 91372 60651 71171 90978 91502 94805 19971 34107 31664 24426 
2236 15
12799 93004 26994 60291 16931 25116 95706 45872 80946 31343 94236 69618 39620 24184 25362 
2240 6
49021 59757 4273 38090 18272 94801 
2244 9
2579 41287 52907 67510 1072 86802 13962 64479 30155 
2249 15
51140 60533 62091 135 78423 97907 81317 86150 17447 67000 66924 70160 1105 17424 29095 
2250 14
38008 10297 87671 68845 14779 19243 87037 52198 54812 3417 3737 95542 84817 70257 
2252 18
94128 20491 48674 43402 5275 98399 61904 98116 45813 45591 37181 66032 14864 12246 28909 54837 75086 6297 
2257 11
37279 92596 8041 97877 53545 49709 35380 24086 83071 26567 44184 
2260 17
93385 53854 49470 43072 1867 42714 94835 97427 40058 21737 95866 87116 65117 32797 69575 31416 29339 
2265 15
88338 46964 19445 2187 84763 21588 40925 61153 81633 79075 91725 67068 26519 79060 70665 
2268 18
16134 82754 38861 16826 53492 30371 46685 17071 99746 45035 35862 78188 49584 86866 7877 46809 37530 18519 
2276 15
16594 88880 49600 40974 53887 39529 60061 28198 83080 75298 80809 50057 59168 43859 22235 
2282 13
7107 24895 29493 23355 54196 7955 89602 31752 74375 49442 38213 89228 60089 
2286 10
28324 67637 97300 77774 90105 34977 36406 44449 51610 16365 
2293 13
98604 92725 56425 8227 61028 34447 73439 89524 45466 9744 66863 61567 88376 
2297 17
32352 98491 19238 67018 61759 74118 54343 20451 72402 48161 5511 6718 42504 70960 26037 34902 44219 
2312 16
13823 98469 91794 81542 59775 68329 28085 36522 85350 71048 13730 49408 57537 96364 94581 52696 
2316 17
95291 66413 17859 70233 57368 11329 86564 72006 65992 85623 80495 31389 12222 37282 79380 47355 4131 
2317 12
87402 82056 65696 66434 10806 70890 41224 32673 75328 15438 60074 61382 
2329 11
29778 41841 26570 63990 19110 22363 61537 66853 32615 39794 15360 
2331 10
99421 67429 47495 77431 7728 99841 78051 95845 35191 86018 
2339 18
95783 84827 69216 65811 86162 55998 93801 48621 82212 88562 13989 73062 5851 98479 16402 31604 63521 676 
2346 11
90784 3616 22001 38852 62638 23022 5214 75265 33916 90132 2355 
2354 18
83836 34592 13855 85588 98489 40503 36553 88758 95568 44082 64925 17389 84102 94728 10055 18980 43350 48364 
2359 15
9508 55889 60259 14067 78319 30503 98686 63497 83803 19053 20678 28632 12451 52615 85810 
2362 15
22806 77336 97700 83727 97818 79951 53428 87158 38353 14853 60505 44309 93035 2097 36651 
2365 12
34759 88611 90331 86580 11106 92877 711 97762 58568 59144 65862 82901 
2366 15
77114 65455 49331 1973 51078 60684 39807 1659 49368 15075 93864 78503 31925 6938 90125 
2373 15
92511 95985 99184 91996 57460 60194 42763 81065 29834 80114 60599 80700 56102 33766 12505 
2375 17
29920 68368 37447 20658 34782 15912 50227 93719 7137 72883 10711 66067 7000 11564 23324 81737 72134 
2380 10
11146 37395 29106 12664 90457 11550 83028 6118 96137 75099 
2382 17
28433 23143 10141 6773 71765 57769 65970 48747 21701 92748 77262 24298 75405 1950 15841 94258 69987 
2385 14
516 31141 69049 96413 49303 81722 64820 18518 34520 88792 40289 80895 93991 89783 
2394 19
47576 34607 94214 40639 96142 36757 83514 1998 63799 25967 43263 95029 73569 6758 20575 12871 36193 9796 29201 
2402 10
2946 92810 22988 35838 47570 12370 26911 56326 17679 32211 
2403 14
95397 61520 58740 3908 14708 45372 91504 3412 34821 73757 86793 40306 5938 25531 
2405 10
90529 84313 74637 23160 47038 63306 45317 12715 37131 94650 
2414 10
97573 7645 85993 8296 80871 72821 67102 17574 3831 44723 
2415 12
17257 74055 95638 94287 4557 80257 42484 53402 36089 45738 86608 46548 
2423 10
37542 32288 45868 68374 24424 46436 41964 13523 33056 50038 
2426 14
62386 46011 29891 79815 47956 20121 83455 32695 26876 57164 41980 15831 51424 36818 
2427 9
2173 42610 20418 28599 69666 43798 93108 20810 90369 
2429 20
19201 68148 80317 14201 49180 50104 11679 66504 57579 8951 14625 87863 37185 11092 16390 65499 2292 14546 85520 79520 
2435 14
82568 14791 23758 99690 12112 67578 41919 54615 94094 1738 30308 97886 99549 38187 
2440 12
36019 32503 17250 95621 29022 52280 48961 273 51054 38466 44569 95859 
2457 9
58821 8334 74588 24780 77001 23508 55480 91283 36987 
2467 13
70304 27827 85154 61611 88573 55542 59639 31267 18572 85069 23946 79469 79900 
2469 10
60170 1645 27590 87765 57522 9735 97430 44522 67973 87022 
2470 10
1465 55965 63724 17111 84926 1537 76510 90674 41697 39710 
2474 13
76969 28148 2000 4889 23556 22946 25225 52344 49431 12524 42991 41840 26849 
2497 15
65230 17597 10644 81091 80191 90565 30941 41298 89009 2357 95546 66535 33888 86828 11387 
2504 13
449 34013 53082 33155 70525 83227 56410 7223 370 67989 48916 58878 24035 
2508 10
92510 48357 88179 89656 1316 25993 73503 63695 41036 11189 
2509 10
14228 44888 15991 42915 2006 72907 17423 63796 16645 99990 
2510 13
36151 20151 88952 51299 410 90510 94567 68356 58544 39652 58393 19813 70989 
2515 10
50821 62625 78082 90178 21342 54834 72239 69729 28199 97474 
2520 13
54251 75242 85757 81415 12702 4711 58768 58484 78694 18188 17323 95271 64602 
2526 17
50296 65682 49323 6488 80164 96877 65517 22043 56311 78354 45953 95834 89251 66337 30026 35691 58947 
2531 15
29046 73767 68589 98969 56128 29739 71077 21480 9908 17981 73686 45891 17766 12755 82193 
2535 16
91013 214 13128 6673 42348 30238 82376 31798 74586 89687 70731 84923 69875 11668 71440 91069 
2537 12
51082 16092 83929 67715 93270 64285 95777 84262 29581 27730 46571 91004 
2541 17
23352 96147 79040 25662 73929 12444 32094 41831 12038 54239 98796 43459 29965 19302 59039 14967 5197 
2548 15
86711 57484 28728 32195 13294 47803 86674 55805 45656 74100 75343 94111 84796 79523 27691 
2552 10
58300 8695 52282 682 53016 8988 93487 6884 33606 85285 
2553 11
77650 97637 42035 73659 6312 88672 35291 38815 85917 90329 13629 
2556 12
65874 84869 51491 15140 97682 75658 24058 96278 37056 64000 6996 66167 
2557 13
64183 57927 36464 41614 88848 88147 37269 82808 11910 12946 36888 71911 72443 
2565 13
67723 13699 1357 31243 98444 90677 53394 60023 92265 98761 1581 45078 77450 
2567 15
36475 71812 96810 20741 47761 8448 15997 18612 17752 63381 48742 72348 30691 72801 96368 
2585 14
6786 34582 11139 67056 1673 6193 17454 33351 13156 66719 26261 2636 9928 98609 
2590 18
59603 58315 54953 97615 34053 43951 83513 70859 78111 45635 37688 5742 48875 24522 45069 66541 42927 81087 
2595 18
68600 24051 74434 65394 6211 14294 53077 47277 7402 43589 89403 37988 99774 85163 21527 32210 58789 4574 
2598 10
64464 27840 85206 47813 69476 13580 3615 30837 77400 72870 
2608 17
17701 94767 70583 49034 37863 11918 79658 63594 86940 54742 36745 34119 56123 36770 99212 54180 54120 
2610 18
1382 65479 61304 49113 77032 39325 48043 89240 66708 4174 7820 74761 25060 53356 52297 30494 48745 71113 
2614 10
99384 88518 40388 15457 15353 87271 25308 77377 57051 23991 
2617 15
99451 75439 15414 2874 93149 96935 11167 83565 31381 81492 12479 46798 10352 17281 46241 
2631 19
28844 95646 53154 27196 48846 91910 65968 46628 98470 51443 72913 92325 86463 49839 39248 63405 11334 72613 30747 
2632 16
58992 58005 63572 45380 33741 84222 55553 15425 69919 83070 41421 70290 32822 41768 33928 19336 
2639 17
38014 96447 81919 67181 22156 70762 62657 60939 23787 36736 12526 86759 28487 58246 72113 3875 93628 
2651 15
87520 40436 7277 69343 6709 84919 33345 15485 51735 90615 34930 303 87639 98402 89695 
2652 12
63502 9734 65446 65701 15734 67212 89908 63606 81516 91425 44178 22805 
2655 18
57456 69053 78284 5767 89725 80016 79903 20397 81355 33581 83632 64957 16138 46808 68865 29910 84924 18033 
2657 19
12476 24266 47663 66936 60851 70935 67057 20372 29608 68893 46433 83921 86839 36709 69036 14268 32792 86153 42175 
2658 9
92277 2239 66653 41221 43496 17993 10551 7060 8440 
2664 19
52093 54995 84514 69525 70202 65434 57718 47150 73448 47589 80596 57976 96111 31295 73485 91693 60287 30059 39531 
2671 10
82516 20662 14101 80477 15463 44181 35286 8859 37061 50145 
2672 10
41583 27729 80974 54642 68276 33951 91066 44652 16339 84731 
2675 13
61797 82203 6623 76632 75092 17293 20859 50380 27564 87522 38806 20321 91568 
2678 16
35126 76421 29041 77250 76691 1318 76991 17356 90922 29025 57883 88257 69205 37851 36316 67809 
2685 11
96822 72217 19397 43446 36346 13930 74360 32725 26238 41223 58180 
2687 11
22525 73845 33440 74329 10290 75463 53638 30789 18487 26687 4658 
2696 16
33783 45567 12176 73130 50931 79995 17181 46459 78073 63722 58010 42258 2188 86244 31059 93262 
2708 18
82422 64931 43114 96552 14008 96343 58419 73774 34517 28024 74184 39506 42940 56282 83932 37677 46311 75651 
2714 14
88095 16027 243 38324 20559 61915 26672 18199 88007 77069 4870 1865 60652 52974 
2721 9
7218 91923 85313 76938 20963 6677 34744 58561 51831 
2722 11
22626 63545 91360 98911 75712 85352 91586 2495 75932 68648 63596 
2731 14
40647 29909 66571 86934 95506 34970 80896 26107 27455 94610 81787 150 83470 64858 
2732 13
98643 96872 34513 60437 17453 48868 58308 55683 61549 12612 45352 16158 32601 
2737 18
1780 35484 13839 78710 64827 77444 89450 43703 40330 46156 3905 80130 33748 31512 9560 3325 25708 78758 
2738 10
60345 90672 99070 51020 79375 85669 11467 29926 80013 87867 
2743 10
26435 5732 5936 89395 36887 8141 21263 57184 31334 27303 
2752 14
30093 42004 60704 22563 17569 1151 72096 48863 9004 17011 7666 14001 35519 87812 
2754 15
4700 71756 52108 65435 63882 64367 86571 64840 60594 64036 51675 69218 81834 65303 35310 
2758 15
63492 27155 66710 84309 38386 1171 15829 89943 96632 36947 47758 26666 16648 23044 38595 
2760 13
78645 36859 27297 57304 64077 93269 30126 89490 78331 64610 16929 26113 85851 
2770 13
70380 82834 38940 90269 81100 71010 59207 29312 26100 39826 65761 31747 79297 
2776 15
29441 93717 21246 78989 59690 6571 12399 12978 50711 85673 51496 20680 39135 45737 18378 
2780 12
54424 98827 66108 70184 97426 40610 86432 47502 72895 3601 46232 99557 
2783 15
38236 52842 14714 42792 23568 63986 50528 56288 93047 95945 59093 441 76368 17055 7560 
2786 13
15562 29626 88803 99560 10714 7537 53376 38790 72419 55427 25368 27246 34993 
2798 16
62930 13972 90997 55073 74714 24639 58337 28463 39151 7485 46101 79291 3363 51701 2298 36023 
2819 15
53398 37738 73219 94870 3543 84131 84230 49564 70051 75810 11173 30728 37410 66875 43189 
2824 12
55254 97295 55607 72587 97960 7772 46614 14508 10632 59793 87607 91273 
2826 15
42833 27031 27319 94735 69989 22339 89284 769 37111 6595 9304 17651 40478 8700 42370 
2830 18
73779 43765 27169 2816 85802 50999 24754 93477 11521 52506 81508 66058 69904 17347 2023 22923 62515 65030 
2836 15
87463 15635 36783 97073 19216 92523 39257 97490 62614 2022 53922 52889 76217 60503 16876 
2837 11
35309 91512 94003 67662 93926 70238 50938 43769 57761 99704 42141 
2842 14
35329 35245 86651 63993 42539 70850 4957 56372 64561 9960 78882 44434 38625 36178 
2844 17
80140 68704 60242 42675 33407 25923 36905 54250 71923 7206 17128 26121 45857 24330 4865 37364 56319 
2848 14
31963 69102 58578 43702 98293 94845 33192 77165 28308 28054 65442 74347 83820 50366 
2859 10
86314 34096 7265 9120 81311 81920 15803 79907 68661 45111 
2863 10
58684 99870 11046 70638 855 51663 30562 95997 19056 72313 
2865 16
62769 15962 42951 37273 23953 59338 22468 94145 54150 25546 39714 96130 38450 72684 49230 78982 
2867 9
27941 39822 57575 22326 98640 44376 76808 12572 56321 
2868 17
97267 93229 13782 28241 26426 62894 50956 14901 82584 77889 13959 58064 64559 74618 68021 16062 97707 
2876 10
28551 14557 53580 92305 69894 76590 72468 93202 11362 42288 
2879 12
4378 74828 69160 63330 39603 1314 81993 4358 69122 32883 64162 93949 
2881 10
13893 25536 80716 96993 5967 17468 43130 90360 92110 20498 
2882 10
16292 6626 34082 78934 24478 48828 34255 83698 130 65860 
2885 18
37712 5495 12986 70927 43345 28873 20873 68301 36342 72549 68465 16282 94554 69592 44827 38549 71358 75664 
2887 19
52250 93017 80591 79304 49005 85103 45836 69447 81469 85251 22640 59569 83250 38765 9226 99720 51033 49829 36666 
2890 11
60955 55383 53382 58072 64427 8520 58129 58257 87869 4120 59460 
2892 18
51425 30672 26190 51820 85247 50451 37513 56667 55996 15090 20135 74543 20815 53745 9474 72634 10531 69949 
2900 12
63775 64218 51805 28661 71673 15207 47321 5624 8159 314 21725 42158 
2901 17
21422 6452 19814 20707 55482 32616 94766 67673 12040 88634 58807 13741 34002 32970 85111 71126 55760 
2904 9
19713 55723 60058 54135 43181 31835 94923 42921 91335 
2908 11
20969 46658 56188 41295 34005 59140 84953 82047 50659 56549 9530 
2916 11
51149 83837 87781 2499 19659 92953 14347 8972 29865 63276 23779 
2919 16
66105 92778 54171 36953 45296 26334 37464 81202 22402 832 36354 22673 41339 35907 43217 43173 
2923 12
9779 64384 49587 3340 19756 20732 17764 87908 78873 84721 87323 9340 
2926 14
54429 40328 65807 38518 73405 71063 40243 766 79790 1535 3508 43807 58374 28810 
2928 16
97630 84448 67282 16309 16159 18109 12157 57257 31414 15036 82132 50115 47749 63149 77931 83392 
2939 18
15294 83578 71221 34818 60020 48044 49061 44832 86735 92297 94255 58811 21792 20079 38351 45175 11719 43139 
2941 17
26702 60521 48683 74413 4640 83131 84005 39396 23637 39976 33092 99409 66681 88228 87413 6628 15166 
2942 14
98932 81564 73004 90045 69898 19722 39100 23015 82493 25245 86813 6497 54930 5417 
2943 17
89074 42824 10040 34734 14627 36728 35038 19155 56395 38998 11954 4916 61497 68429 68857 8051 90985 
2947 8
32741 96459 21906 98124 3651 46635 8012 92941 
2950 17
6025 33043 81137 20163 83459 42157 470 56749 63046 2368 40220 8942 7142 45889 60688 85026 51902 
2957 18
86534 61837 54493 55932 92555 23816 30778 58996 9027 92453 65272 7117 98914 14432 47103 32919 53080 54888 
2959 19
10966 79181 53266 21030 24428 59342 78222 95288 7950 45449 90280 52491 34390 37926 52099 87495 47127 93502 50771 
2960 16
34976 12111 55584 43250 87793 81236 86783 45342 36144 50442 51282 57689 45574 73536 63754 93223 
2973 16
34945 69762 98433 14497 14362 37616 34494 48717 25017 78862 12163 33642 18578 27393 61101 75883 
2974 10
35412 22104 91679 60700 47619 26510 72919 59990 44150 80041 
2976 10
57087 71809 78019 67248 96358 90825 69552 74210 92701 38303 
2977 13
55942 3911 26975 15505 5806 59016 22277 93384 51874 12353 17198 1255 2309 
2984 16
59464 71432 911 65932 20223 71546 99933 15268 77802 37544 17016 52854 2953 36968 63935 1455 
2986 14
14964 32452 42996 94600 90172 9746 75541 5536 16598 18884 10776 36128 79125 6110 
2990 11
1694 86907 18740 19416 91454 21894 92293 96168 91357 55196 29099 
2991 14
36568 80187 82300 90602 69656 35481 85266 37044 60312 11897 37961 44075 5604 11800 
2992 17
60307 95073 10896 61417 11357 3561 72952 16692 23535 83804 5446 25118 60782 64644 89410 43192 88976 
2993 15
38841 20003 18629 34619 38961 8948 41892 91384 1702 71165 94765 12777 73177 87763 56009 
2994 16
30713 8702 63097 92299 18592 89280 10665 42543 28101 50273 61227 1889 95636 92873 43842 48952 
2995 18
21413 74081 1247 34544 52146 43436 9318 19261 18246 57138 63121 30202 52134 19577 30414 5441 84242 5274 
2998 15
16572 31009 41318 13822 95424 71448 88364 26160 12141 1070 42006 59790 14986 26729 87616 
3001 11
20996 14190 71342 568 50454 98858 88659 56627 15816 76514 76102 
3008 12
31683 8538 11958 30813 24130 30115 34054 96975 84471 22516 75415 99357 
3010 11
1375 64683 74400 8844 91177 7269 92637 18798 32005 35918 14804 
3022 16
38872 59416 25983 426 90683 3416 14072 61920 88733 30140 79857 9564 78659 12561 18402 1628 
3025 14
89152 795 16177 78860 23992 75910 39219 13068 78581 12837 25569 2813 33754 62511 
3027 9
93498 62107 686 7709 94987 72139 30048 55443 527 
3034 18
44302 45572 70245 1035 25349 50059 69266 18416 28057 88522 91869 31629 64024 67044 64825 65198 86482 97841 
3038 18
77961 87132 35781 39108 74535 69583 39175 6670 78023 15187 77621 54771 6021 85081 42724 83715 87299 88556 
3045 11
67923 68613 59391 56856 5849 49542 49107 602 60553 58040 39703 
3052 12
40708 77918 96397 27905 70283 55255 60593 9617 74867 20065 18689 92615 
3072 10
16693 35609 37035 59048 51870 78954 51446 26069 11517 95037 
3074 17
26264 82820 37009 88267 81360 1016 32454 92498 28384 88537 21746 24574 40967 63173 61306 61127 75486 
3080 14
81404 69934 20809 17256 74341 87054 3671 64673 78611 40481 6733 31977 54164 1883 
3091 14
24479 90370 33403 33875 78266 8607 29249 64373 30466 11278 50612 37800 86977 57247 
3092 16
56358 18211 77378 41758 28130 30594 53688 43220 52121 31908 97590 45266 68998 61478 76547 85027 
3094 11
62188 10417 96483 41836 91141 19811 94442 70804 72753 26457 4876 
3101 12
24305 6878 34435 77971 24957 99413 60810 9716 72667 27359 67866 52834 
3103 18
33283 87541 24362 19581 52451 85661 2609 15670 61016 58485 62969 42284 13378 84707 29529 66861 26361 55734 
3109 8
1094 84480 5398 93747 52392 90908 50905 77712 
3124 12
99244 31431 99456 1683 57835 79809 11593 89360 88888 45851 24803 7441 
3125 14
73746 3770 84323 48445 16741 96765 39746 48866 79268 43504 74348 94078 82229 38283 
3128 13
81527 67020 40186 96054 45531 36617 45471 50377 60198 67480 66658 88021 20388 
3129 11
17512 90576 97328 80444 48444 43185 12663 89159 1713 18267 82080 
3130 15
88641 23567 56914 26726 74193 79652 92289 51923 61595 31519 1414 82904 71423 16468 59713 
3134 15
78031 35068 85767 57795 66699 51206 85527 76660 34373 24736 79014 48041 56152 55714 57609 
3145 17
37013 18558 96033 56520 9298 56795 67669 8138 82833 75249 1539 37118 18257 92592 24891 38087 43228 
3148 14
36813 23400 32967 20102 41864 87563 95340 21022 69943 87166 23660 47631 71769 63389 
3152 11
48423 10018 22019 41727 15826 50598 10849 5805 1180 44714 84410 
3162 13
45853 15787 7200 44136 38786 94050 36009 56030 48889 90027 92112 40323 50177 
3164 10
49782 32687 7633 61670 72596 31190 67484 77109 31033 97316 
3167 11
16768 24472 54201 45937 65740 46728 50490 53198 62826 38722 12102 
3170 16
45650 43222 24983 66479 3822 43906 61275 38462 41160 88786 22739 64746 75402 91552 45784 53218 
3172 12
96240 71744 47058 49452 63434 60034 93592 79747 11291 64521 9062 8967 
3174 10
23790 40849 55243 19332 15100 76063 46174 51774 99106 72204 
3178 10
95352 78555 26701 1693 19187 82984 57712 87319 92434 38854 
3186 18
15050 60091 64921 68807 31037 33520 37262 25812 12675 11697 5550 12170 15814 96963 9898 63734 4252 13938 
3190 9
77446 44637 87931 69330 89532 58233 81909 66225 92758 
3192 11
48592 87211 18494 76950 97915 93968 80379 30196 36237 2209 96441 
3201 9
30259 54824 62462 54403 99450 51060 89925 69498 86729 
3202 12
40153 53811 77943 85328 40329 78302 9868 62991 91975 34677 33477 22439 
3211 17
23753 33432 45273 57344 60062 80958 42423 2888 74216 75480 17693 71341 890 21718 8863 93215 87303 
3212 16
84954 4550 17702 36599 75898 15474 26592 29924 98398 9199 88836 703 85403 17078 55051 44512 
3214 16
55486 26395 52409 59359 95466 22966 9441 90645 61832 96906 80658 70504 63461 57011 86385 46305 
3215 19
97697 28626 87224 87041 76153 17979 23408 85996 45484 94834 56506 16565 29694 9127 56551 19258 48973 12289 85233 
3218 13
97500 37840 95143 59691 5162 1010 52401 23072 46846 86848 23405 55521 84101 
3229 15
99601 45433 43290 25510 14939 60149 43248 45081 10429 35511 9100 76434 96380 65445 74019 
3233 11
18512 41165 11025 73169 40439 26605 45319 52567 69569 66780 36660 
3235 9
73072 43831 15602 1888 59134 53556 2687 56469 50559 
3243 14
90145 88483 86477 95605 87999 91479 85091 36767 23264 85995 22446 30365 81520 22565 
3245 12
16918 34803 16529 13640 17762 25424 44312 92454 53768 23154 38197 12848 
3246 17
85337 56250 92785 65762 60922 65952 17430 89760 78963 47320 87941 41312 57524 76156 64095 17174 29981 
3247 11
90099 18090 32734 93240 81926 30501 22884 66506 94655 7233 65871 
3254 18
16018 67333 7625 31863 73943 31947 37406 9197 91770 36659 42335 31018 34267 73371 39232 2431 57953 83955 
3256 10
81963 78985 18521 87011 15906 21687 40079 74396 35741 28564 
3258 15
30095 45434 57657 88380 54329 95274 99284 71469 12543 48024 4559 32506 29180 77319 40100 
3265 9
93217 65574 39092 9498 37816 66478 71343 75728 48133 
3267 17
31347 19951 74437 21116 32154 39327 74502 6432 54747 30344 61801 37906 32751 16456 31974 91120 34595 
3277 16
19826 67204 68496 60395 39549 39314 30216 39191 18635 96648 94314 4816 13431 18984 15674 29145 
3285 13
12234 58183 2220 88608 21557 96752 55959 54963 9018 2508 8692 27301 39250 
3289 10
6747 52384 59597 93301 46612 72724 37342 26706 50625 88478 
3307 15
60928 23112 62701 61555 3028 29291 80457 25869 40813 53292 43229 19159 24629 68951 24765 
3313 19
15087 29810 39101 21240 78315 27001 16056 55400 69247 61534 27145 76838 97791 29372 86764 13500 54001 15393 12670 
3320 18
29761 29547 74031 34399 89313 48480 43708 2011 70630 90812 11026 91490 30588 20553 7118 91773 41739 1967 
3327 14
91558 56706 47152 70104 43911 85246 43851 27207 74246 90583 4612 23936 31096 42854 
3328 11
60333 26713 68887 70920 47850 26667 12262 57902 80203 16127 7347 
3331 11
69768 96228 65361 10894 82845 37966 22790 34050 13829 87848 54908 
3334 16
70502 52459 66019 8390 3390 78535 78792 25209 1165 72123 87949 95596 86180 28291 67012 49268 
3341 17
49809 81724 15669 55798 53361 39459 65727 19926 84092 62089 11400 61688 614 42174 61578 30818 94173 
3342 10
72979 65979 39507 52081 84123 4931 49654 44990 9122 96178 
3347 11
63909 73956 39798 79488 42963 86885 58386 73455 63417 56624 24924 
3352 11
70537 51576 88278 6699 94067 61459 94089 16546 86334 86456 60306 
3369 9
44346 36496 1077 38612 64757 50739 19956 17204 15038 
3370 10
22251 63608 11899 26142 89549 70702 55538 84713 11541 42678 
3376 17
52944 45742 46074 5317 4966 9500 7997 5472 69567 69095 33396 43711 80503 53369 70632 66007 42109 
3391 14
85516 8278 90087 43068 91595 86483 12530 16084 83840 58357 46689 37570 15023 35485 
3394 13
39436 15939 54203 95135 81118 10310 98924 10938 58482 2863 41598 64967 93786 
3404 14
93818 70646 77805 99387 21278 42055 12910 50657 31672 83583 18195 283 17317 26607 
3407 16
13860 10902 76951 62572 69065 1747 83592 15630 49376 32395 44095 85147 60096 98202 79535 48469 
3412 10
5991 42162 64487 19567 57935 35233 62816 69278 2961 17186 
3413 9
11789 23259 56065 46956 14911 80404 70750 44479 93981 
3414 14
53780 47681 60498 46162 91806 37748 99745 44167 36473 50822 18116 10709 61996 28869 
3415 13
74564 55114 76940 15130 10811 51104 11174 61919 5836 68213 68404 57367 56476 
3416 12
784 31117 41533 89298 23286 27494 96074 95253 34173 54394 27077 65223 
3420 11
37876 67460 57729 3386 52101 56510 92850 11895 55407 64815 51528 
3423 12
76678 33003 62122 39312 39192 82192 48157 26412 25385 4815 75475 84195 
3428 18
612 47401 28439 69864 36727 51354 44929 88298 49358 71379 56796 53296 25787 94797 87468 63123 39161 61709 
3432 10
59996 49683 50790 27963 28151 70260 73511 4546 63567 97869 
3434 11
68706 41706 16543 68270 79521 90961 53391 96156 81729 11411 26769 
3437 9
33324 34182 77581 68876 28689 60974 40649 27826 95139 
3454 17
61351 98346 52330 32422 4898 19304 7321 31384 65309 65984 65362 84783 19732 34871 9148 65778 68136 
3459 17
1678 87515 77920 8575 57400 24874 17120 25755 87562 75515 71217 55157 65964 10876 12206 28136 53358 
3461 15
64719 45251 86615 83545 53146 75743 24671 80802 66513 79482 57471 58934 78432 80472 95085 
3463 12
27267 93133 30102 56875 50767 26861 61060 46708 31695 4164 24529 49433 
3467 11
28997 56363 90590 36992 89685 4713 48225 35798 78552 8128 7214 
3470 15
20558 98740 83206 73037 46955 33836 78132 77800 56067 88324 41087 72116 20222 44068 23632 
3472 9
95870 15701 28175 54738 92424 3501 35120 587 59977 
3473 14
34460 58628 74712 28388 97635 32208 16736 23666 89557 29757 95151 56850 87775 2789 
3483 19
90279 42098 11010 87119 51336 82304 72828 94901 909 87024 94004 37523 30642 18848 91934 88637 38455 69536 1098 
3489 14
26224 14678 94477 6310 83232 86806 82766 67217 18276 69623 99681 63797 97097 4275 
3507 10
1983 45935 78255 90321 39656 49256 12840 28944 55491 38983 
3520 18
17340 84153 15055 62718 25285 15549 93530 6933 54409 58047 64111 77097 8184 15673 42699 98266 51922 82462 
3525 17
60690 53202 39839 33222 88124 26248 28338 90138 9648 72796 5122 89782 54655 97816 80204 11729 99793 
3536 10
84469 26612 91468 2153 94519 7099 63716 82930 30838 25393 
3545 16
70207 76042 62319 96911 94688 35466 90854 11624 14653 67367 13834 78285 21320 40498 24607 25525 
3546 9
83879 46983 76616 55898 55536 84271 46114 29226 46370 
3547 18
49233 49047 67381 98490 66303 11006 19858 71151 68263 18037 43770 46446 43386 79320 8106 76963 34331 68797 
3548 10
40089 7620 43615 85798 98495 15037 49240 69461 72581 62046 
3550 14
36462 62814 67059 38174 48062 60417 59389 30761 44797 74796 25997 9428 61815 77749 
3552 16
43720 31819 89918 68779 4127 85967 42 12167 69434 15879 53591 77022 64890 39157 46670 58989 
3553 10
50288 34662 85269 64438 77845 10148 5665 17902 18201 56077 
3557 17
32255 10628 92543 46084 91890 68202 72189 29299 13712 49773 74202 74924 82178 48606 63197 73815 78521 
3560 14
79096 905 7808 72829 43330 33925 89405 6511 69289 57584 9078 32669 50046 34503 
3564 15
77305 59508 5687 67647 85539 22124 50257 92079 62024 73121 83454 90183 82267 61102 45590 
3570 13
48685 64863 18229 94781 51156 97583 8116 51990 87581 81471 7502 27244 3742 
3574 12
50312 5396 89510 25306 93652 95404 92606 52862 98427 39596 28310 39552 
3580 16
54485 15914 26308 68291 74033 43312 88651 94672 7837 12403 29107 47553 93285 84211 24670 22381 
3583 14
53798 90911 68581 4863 47975 88876 70855 75039 4142 84632 25809 26736 66245 51240 
3586 12
57227 71835 69041 69328 44102 40780 5869 43105 15365 86665 74127 66498 
3591 18
74472 78294 24699 36412 43479 82769 97822 69047 27866 58816 83310 35134 47889 41652 85637 7495 75978 31468 
3593 14
28053 47659 34994 54417 63957 67321 86790 4356 93767 97806 43298 25849 98014 63730 
3597 16
40462 30212 95110 43268 15572 44464 11413 10118 37962 76133 84345 90342 12667 73670 55285 59146 
3600 16
80757 24969 48929 54304 49115 14077 43904 38005 62350 88723 466 63321 96605 17001 27540 44210 
3603 11
70159 95523 33707 72677 67712 96036 42163 82781 62849 92042 25899 
3607 13
35202 29078 33124 57568 56818 3480 26689 71238 91775 83853 53176 76851 27064 
3612 7
12164 75570 74097 94125 22854 26970 25134 
3614 14
33786 48878 20478 16796 72503 46988 85748 75772 78608 80334 57901 92661 22392 19891 
3617 11
48872 74355 19089 84356 91049 65327 44752 40209 23200 28124 96141 
3622 19
17987 75569 4741 17060 24612 95080 22725 73330 90636 57909 84960 44900 89331 42567 76681 66237 80674 11707 12239 
3623 13
51326 56935 10805 2417 54320 53344 75668 18974 13622 50416 89642 23510 74106 
3626 14
48568 12872 88247 93048 43673 83171 93140 18769 64512 71046 97070 36207 60051 71871 
3627 13
74605 95704 72534 58037 47682 32385 1307 83414 881 47326 21800 34419 51948 
3631 11
66266 86143 59251 30548 40965 90539 34949 12851 11774 64207 67343 
3632 12
42140 34962 73286 56974 60329 55839 64088 31648 94062 46997 91017 23357 
3637 13
84024 50052 84656 84154 81107 47957 51291 17408 99429 71024 27755 91186 68597 
3667 9
80618 67393 69139 13608 18478 41337 62143 31002 84363 
3678 16
10529 79816 7032 74726 76329 21110 78677 47403 62688 61464 29646 85429 82683 89351 63738 53732 
3679 15
43919 30290 53944 77953 73279 33897 32628 49586 15648 91484 54193 20209 39446 73820 64846 
3684 11
81144 64184 52341 13979 3879 50494 66179 38487 15994 75138 65974 
3694 12
5169 23734 15275 25839 18790 71694 41072 73461 336 51636 6270 8169 
3698 11
91786 32312 3504 64709 18098 68347 32386 8503 82055 29770 24081 
3699 10
4425 20950 84804 42508 66567 15807 86788 39934 32897 2321 
3707 12
94335 59239 77984 32128 26731 36584 10101 816 15299 22587 38976 57803 
3708 15
42834 91748 83868 41962 26006 9115 79985 62570 80897 70739 68448 20149 90844 70782 58657 
3711 9
66276 17726 47876 95741 8848 82492 16800 20217 64302 
3713 14
66585 44324 34631 45293 77959 63670 75529 40989 35961 32078 22799 40990 33442 56048 
3719 13
81004 47367 34807 37449 80832 26483 7953 89283 90708 38987 23489 97039 94938 
3720 12
70147 39381 46806 19264 60814 32015 63846 35343 84943 47043 85826 41114 
3722 13
74617 17420 39803 30831 92803 67561 22645 68679 8250 38383 86539 99809 81754 
3725 17
34481 46234 80533 35324 56424 41252 65302 2746 96589 36373 32565 17487 36733 85083 7157 74399 54085 
3726 11
60925 84645 55052 64035 32226 36631 28561 28990 85115 64529 98339 
3729 10
2650 91787 95081 15581 83971 25485 92769 62809 52186 45274 
3730 9
53438 71144 68549 12766 87049 77932 40837 86078 54628 
3735 8
49868 13805 98088 83762 19841 38820 49912 7565 
3737 13
47737 85327 49181 88312 12565 21407 70424 43515 34756 68991 84845 12217 59149 
3740 17
81339 63558 58495 96736 46351 16097 27039 89604 66815 58097 54151 40681 37086 28429 70126 74579 70845 
3742 19
22010 98741 34927 57230 19787 93305 38617 40542 24138 39609 38515 12235 70768 90056 27890 10046 45008 53473 43408 
3755 14
36632 89399 37715 93679 54060 89386 69000 1719 93419 11814 63749 6167 79379 84772 
3761 19
11607 51684 32960 63048 9296 41286 97569 36152 58738 39340 55676 68579 6914 69288 68646 88316 89142 95687 18111 
3764 15
51167 60792 56429 71135 95518 6181 86064 75741 60695 26712 89748 69806 33508 6290 4642 
3766 9
97610 53710 23121 41609 72504 89793 24788 52837 96098 
3767 11
1089 40631 78158 48637 85214 34176 32577 88197 30125 81517 63332 
3770 8
1417 89225 72181 20648 23914 85612 41469 21062 
3771 13
25515 37818 50067 29084 52795 91814 76040 68262 88728 82940 36790 17287 84474 
3774 18
99852 16820 87531 62564 64308 28910 50395 12810 35652 31987 64044 4848 78004 74135 39444 74696 45267 9862 
3792 11
75482 9826 52065 47166 8578 82939 92435 66718 98249 1767 1063 
3794 8
61049 77809 73939 2033 59590 20429 64506 9590 
3795 9
73797 93681 16388 72062 3783 28233 7354 560 63779 
3797 12
36708 9448 59361 1190 72859 2911 86939 78604 19699 4900 91766 73244 
3799 9
88472 61032 80779 19530 11880 51969 39530 10226 46694 
3809 14
62002 53060 1735 42530 86093 51822 74886 76234 57952 18727 63510 36488 50129 59913 
3810 12
32172 89826 22372 75686 38226 61650 50615 15569 87315 80514 38118 31656 
3817 16
84587 27449 37798 84939 20117 88142 35154 1970 59532 76056 23889 99112 24180 88456 99407 554 
3818 17
40684 36133 82884 77664 85029 68854 88240 84791 21513 24980 30574 75954 98521 37897 825 96670 55017 
3837 17
77213 22974 98230 52789 9470 81538 27601 62685 1730 64520 91342 77605 89564 48163 64117 76390 25504 
3840 14
96164 16237 5334 57288 77180 16075 82945 78316 81718 85873 35383 99721 87178 21985 
3842 9
10751 59453 27533 56888 78320 17500 74548 77934 12400 
3852 13
77060 83839 58777 187 48069 72242 53683 15380 78232 40172 30191 74830 9965 
3854 17
2245 69562 6534 36681 23466 80787 84046 23882 76913 94929 20817 92790 32246 28893 28622 27739 34562 
