35
0 344
3951 28809 53602 53941 45358 48814 28604 80118 11007 15755 35444 25170 87833 62860 1177 65211 27615 35319 84835 42434 59278 89805 70381 81264 86920 60041 20380 71381 54810 5683 84637 4731 72715 94267 65856 86242 6973 77669 89610 11917 3313 34608 46257 30475 91648 17983 39752 99650 80160 18369 34505 84991 54534 75458 65316 83832 3342 35983 95567 34541 38494 20438 67555 99630 96897 93817 79283 28322 8024 45572 71846 42800 83261 99567 48946 19369 29655 59126 10284 14769 52090 54633 59703 96284 6093 85982 40455 20886 86227 8930 52050 71589 21671 52583 13782 37925 35512 6600 88953 1734 80909 62436 45680 64658 93078 2500 37116 93968 41060 74985 74784 87332 37567 41289 35661 77763 693 38069 67516 23954 42126 9027 89917 50317 30262 93442 73467 42332 50872 6580 44616 32366 69055 50047 7292 42557 85336 23462 12286 5610 42234 97495 92963 986 26528 38677 71630 31633 22510 81797 39635 36490 76197 7180 50625 13975 12749 55326 89497 86342 52906 30407 63263 39496 4290 51722 22580 34373 72752 14100 82252 2885 24972 56286 4476 40929 35197 38183 28683 12261 18709 80354 62989 8602 83834 44402 76166 50592 43162 45410 80191 32237 8351 7072 43658 56984 39973 27656 44167 25592 92380 38880 40061 3066 386 67463 29026 63214 19265 29259 74214 52465 70371 50618 66827 63100 25685 97566 9591 30623 85368 44902 92730 36651 1970 2797 98726 52440 48125 91345 54664 4213 27863 25355 47044 43297 2407 42729 80092 60979 55913 9441 82801 2926 58636 5325 71126 33315 34352 75179 37903 10108 43074 86636 22260 92397 30769 75985 77738 96727 62548 45717 41469 593 47842 73947 67732 2846 23922 18877 50523 38182 74650 96360 74370 80650 39492 53706 73153 83655 26092 83315 94965 18088 7563 17880 32267 56271 29628 37367 4374 6970 17643 9069 84948 11006 61524 86413 8674 4328 89603 80636 71844 90797 85867 41328 85809 85925 96613 35107 71970 85964 32003 98633 49538 73775 60944 22599 41071 27998 46583 27933 7481 81433 79315 4113 91865 50394 65959 49247 77895 39198 31819 78361 79038 24867 9857 58955 64075 64691 37940 31470 31074 12421 
1 190
93871 89128 52013 61705 58707 63867 79187 21461 96254 55396 34941 52096 61664 30457 35066 14717 92344 38232 75524 78346 7024 90423 49568 35533 832 70767 10632 78336 84236 91067 88218 52395 68786 37057 23403 42548 34306 15573 97712 77787 10452 3018 87615 75605 13872 76944 23237 32625 71981 19789 92801 57528 28205 23440 87732 35798 6613 31608 75417 24778 63095 7488 42773 47595 85784 62250 73594 25098 86855 86247 98332 23195 19217 65744 60337 52947 66257 35715 19598 28005 8155 63727 16133 37538 26773 80360 69916 90446 87307 49449 78575 7408 99992 10503 65951 95719 82272 83903 92035 24029 90038 24512 1635 64513 88578 54665 33270 41761 87749 79850 62374 31711 74637 13998 60042 34274 19284 5193 5001 11646 60341 91868 67569 98256 61581 85084 15231 24503 10824 30413 52943 59756 91338 23528 45196 42330 30904 41451 62700 98736 23162 15067 16012 5029 27505 88927 71704 58385 99897 73040 1143 67861 98219 9310 22281 21107 31484 48266 43963 57438 96227 74509 10004 42013 13488 42666 29694 76801 74301 49920 27478 39012 60662 48013 56547 83730 35534 57632 13602 72367 6634 16552 22257 99581 57996 51880 59588 10478 9748 18233 
2 42
4967 31577 20417 94531 33458 25309 28336 81648 18725 14231 56751 40238 91892 92753 46105 80121 61729 75008 3694 15822 22850 37448 57618 990 94927 80013 29076 15378 47713 28678 9816 32282 21110 63065 7988 18731 20070 73076 94929 4797 64189 59076 
3 179
97814 42871 95207 54174 58029 75469 16003 43225 18435 58353 14297 3441 21553 83803 57108 93333 10918 80494 68437 66113 83466 57479 70555 54841 67278 36400 36759 81702 42128 48486 59104 27695 84615 18151 21200 52580 65786 35886 82935 73624 44377 50847 99468 80309 64947 99447 63000 89308 59966 37342 11266 59357 56357 97028 17159 39257 39828 30058 46044 81346 91331 71812 99106 29482 31286 49288 40669 58013 47794 52245 3433 57446 16930 23645 31385 62652 8942 2672 58996 58135 99576 61546 96556 35404 36317 94767 34005 60957 82055 62252 46892 72141 67101 82950 33433 96173 3182 39783 16606 77965 87863 49109 81436 32724 53186 15600 53807 90944 91140 99439 89708 58824 39813 60005 14165 15783 12313 46022 58173 26969 18150 8265 90174 33851 22092 10564 53018 2044 46298 67221 44217 4680 37300 39655 52652 23114 92469 86548 44756 72235 47098 50474 78340 97069 10713 54311 12927 37991 80930 83251 12452 72246 14314 86353 70219 29278 76760 86070 64046 80466 75468 13093 54605 6839 98197 44635 52823 42482 62796 56487 73607 91679 94287 36258 84246 93798 70134 92895 64064 
4 178
29599 81122 80830 14716 60058 51836 14304 10378 10566 38590 87330 50258 66572 20618 47642 22452 99850 93704 77231 74405 25789 45298 45667 12769 23155 63122 64104 2463 62125 47828 798 70830 31696 6885 35998 22464 9276 10649 46852 11444 54536 57020 25886 31583 70126 97178 13459 28646 54036 23637 88317 74155 99684 59690 26391 18401 40849 99188 81065 83249 53009 35017 78140 94789 40721 44206 20872 21127 14317 13949 69785 82428 28776 10722 34571 78370 60389 49423 75278 19523 79514 6229 4502 45270 60691 10958 26777 90964 60243 76326 36513 46124 79448 98807 23982 72571 89579 83815 33439 29237 72166 48298 63354 22547 63942 42828 74548 12738 35357 63539 91180 53674 2537 64364 17525 67907 99766 15220 57862 7824 60967 59459 52775 8254 82523 37790 67829 39300 8822 95670 57641 32918 29095 71074 31966 50355 17981 51254 99251 84368 76762 96005 32193 90954 65420 44085 52890 10133 3510 98057 500 81835 61491 61781 42005 86652 18929 60952 9214 55115 65444 34882 70629 18817 57089 87841 20595 8058 8963 10270 55431 92524 75201 67940 15042 43972 85901 25618 
5 168
2438 38077 21103 77091 24862 40260 22609 60212 63062 65616 98439 53033 24656 91065 89836 66802 51534 12689 34176 24126 89563 946 507 45273 60960 50987 84843 5155 99343 43136 45218 48386 66295 55727 35349 1151 44447 63209 63060 98733 58082 31331 28399 77979 89397 58087 45137 88535 32279 24906 99423 97851 50505 3926 8369 30427 12594 87182 62827 58285 85840 37178 49597 92518 13035 78509 97144 40395 52534 36496 61769 67591 67607 19965 40476 93154 61989 27074 67882 15209 5302 98381 46051 2041 37686 65792 35008 84668 75696 28799 4830 58914 48250 45691 66601 15140 3940 79058 16934 37217 74693 2569 47342 85659 23530 78892 71722 24018 64685 78215 9964 74167 44977 55119 20225 61703 50788 41400 42461 27963 5022 8401 92727 29451 5283 72911 81781 12468 30326 18230 6764 88568 90347 1555 61437 43825 56891 40488 34043 43433 56438 14937 10897 8797 7243 1120 17734 52335 1716 24058 78864 42071 71434 4878 65479 33414 49052 82939 70753 70653 35796 33777 64565 38542 44826 72719 73482 40240 
6 160
90772 45165 31318 80328 70121 34230 54681 86454 13776 13179 96654 83620 51851 39414 1512 49272 66587 1314 59098 23172 66305 43681 92291 58148 51029 53236 30435 44055 29534 59349 36822 34106 17066 19403 14734 72115 92957 1972 33047 57203 61761 73384 75999 25892 93070 92829 60754 97551 82117 13965 25845 81494 39759 55748 28836 36648 8840 66046 75874 58551 17370 54052 52344 40647 56340 50266 19913 52672 88097 63824 82665 3475 55803 47441 71020 13607 49378 83437 65382 63691 1202 61010 85864 68811 26361 92762 16390 14000 89658 81603 91321 87458 51790 39325 93535 8417 33360 67576 2746 13692 82237 21394 94432 86332 38100 549 1246 67461 4349 93799 49718 53700 99857 50881 77682 13812 14510 20519 95094 24858 36480 46414 61131 52798 53392 2619 98823 82917 59070 50711 38706 67262 12574 27187 10714 40293 15825 63615 36020 27357 91430 73662 22808 68744 49857 92884 22232 76920 34345 59067 71954 40306 3455 82612 61868 49436 76143 31067 95667 96889 
7 157
95150 33118 45936 31801 88170 77021 98533 13721 33086 20035 89820 51537 49559 73285 72984 70343 42857 78238 90320 55610 80107 5438 92979 71728 20 30436 70857 47178 70769 71328 15829 55495 96980 48248 45381 49231 3684 18730 87916 12230 64488 21637 31007 11578 83059 11803 15406 88716 2595 23873 598 4625 75210 71137 23689 95126 10684 99380 80522 14661 14575 11081 86948 95139 40956 28078 55805 95133 53956 91396 43898 14906 92566 49120 35358 95101 78467 41423 65072 36827 34995 83629 15797 92947 51594 41371 7276 80887 50642 67583 911 81962 74304 4178 24954 47904 69333 5948 57120 75688 79896 65487 38237 8404 43103 70880 44113 79108 89295 37174 6381 80513 23995 7992 37375 82338 61185 98510 41620 22124 66005 24103 97823 70050 4759 74027 28118 47706 51238 53235 23266 38007 73471 10810 24486 99321 18983 56089 26576 56231 65095 96985 95025 58708 82477 21067 819 68528 45419 25556 96460 53571 56691 44752 57380 93536 67809 
8 149
83340 81498 39123 8910 95679 54977 27148 36263 98639 80723 32146 1787 95311 68750 19465 84529 26499 94549 78220 71153 15766 63072 49133 9157 82842 29457 68293 59433 42769 41030 37171 45945 79418 76554 52227 9358 73556 19651 64473 7774 65890 10745 86758 3693 49127 62365 79125 39985 17757 3046 94495 62813 62671 86507 10885 31115 54447 55297 14503 82835 80408 24654 16081 98198 24328 21782 60885 59667 72437 49622 46785 70032 26497 78801 28406 40713 23957 96462 91434 39637 71694 97756 44877 89828 79998 51206 55920 12540 9192 76938 31970 27513 7121 53897 47436 34812 53001 67581 687 39495 10019 40848 76266 20778 94807 81013 46605 66380 51380 75049 21350 67853 48529 66863 61053 67394 62654 65109 43883 56358 3894 37185 5972 91531 69799 15956 2026 90853 11084 77929 49375 35713 71454 44366 70189 54548 80011 62861 82245 53275 94025 36488 81099 95522 69739 62373 18985 10279 93859 
9 120
51333 49918 61072 62101 71596 37384 96945 70758 2637 56859 43622 73792 37591 49508 77792 14719 36079 79091 22072 440 774 59200 63906 79768 30912 72000 35210 16908 86349 60314 84516 27652 97043 43302 63129 36130 98835 18195 37575 14030 29982 61494 26265 20547 55213 15266 87159 97122 82165 87391 72772 56462 74078 10018 85995 60031 13669 21253 56608 54739 77799 18740 64720 73889 94373 87693 11281 57306 27808 85344 34020 91316 85627 5702 85594 51351 93949 87781 82632 34328 57664 24507 27951 15585 31675 60835 94359 61098 53130 75089 94579 33749 93890 67454 34593 85938 92324 23941 39295 75633 80867 11567 15223 48135 89933 1156 2951 28593 21228 75525 41680 48318 34007 23910 26493 64922 52267 21884 19615 2360 
10 274
6100 576 45531 88451 31021 42416 51502 96370 87189 85654 28920 43686 8427 15481 46376 61714 40921 84146 89312 78267 42793 15393 76430 54106 25116 40416 34993 30029 95583 85747 25262 60920 84316 12367 28921 69427 44857 74541 86896 95392 39311 59708 16027 17202 79388 36378 57697 85304 50032 30551 99763 57287 38181 39921 20333 58766 25617 72441 11034 39327 73988 10167 20422 34244 14911 85242 83449 73101 24407 12571 30867 85606 999 5675 9087 84300 56470 62063 45269 64399 725 47077 81938 86294 20172 34299 55627 43237 95195 6133 50120 30388 68921 28204 78903 48460 93513 46942 15233 64589 10828 37307 78842 34944 54338 18732 13326 56941 93641 74469 87352 46615 45226 30056 13134 25459 47710 7318 92120 77920 22566 93354 15000 24098 55825 31669 71504 45988 73676 12953 12129 42445 40126 76808 37181 26365 15043 14129 79570 69080 4615 36391 69463 77717 6953 42668 45235 30612 31350 20323 49479 78594 90969 82184 74119 7745 4741 84242 86156 26319 48598 9735 46702 86370 76568 70825 62015 40324 81383 6520 168 22431 2296 9156 59091 31629 33057 22745 3972 18345 36546 49365 67412 72225 40743 21832 27716 16703 5693 86880 36403 30688 74115 32740 59587 60939 31546 27121 53072 22742 99956 89342 77223 37524 9363 46711 82970 93457 79926 37446 25963 39219 29249 65059 89592 70303 9989 82662 15159 18290 39445 36905 63480 67606 97309 72644 57983 74933 6244 23646 44294 77069 67417 18079 88671 41449 47565 7905 15703 47856 38095 80657 95880 62351 9504 29379 83125 17268 50281 50442 12068 4257 7708 27934 91079 79211 17359 47629 14238 23021 19831 36650 79827 90872 12427 50437 46271 95090 30884 88118 23505 74720 23547 56866 
11 132
45863 71817 94540 55622 9292 89912 9447 14221 30135 54478 74610 16192 77427 68135 50268 65337 34797 53447 33656 70550 39381 65205 62738 51947 39321 26035 91163 95002 32896 12830 95909 43021 42114 55550 95370 22172 93060 22592 57442 99116 76203 95954 66759 94426 89340 2668 20716 33356 31130 3496 42869 88079 71473 65300 60070 671 4757 4961 80034 3349 57529 53399 59254 6727 53468 7123 4431 25518 1913 18989 66501 769 87287 23275 71649 68595 17998 31685 21297 19812 76713 48350 8180 82202 2758 50247 26742 1432 29596 42196 64604 36667 54030 76471 68927 13610 98677 50940 74430 8405 85458 80329 19205 99272 18772 27987 87112 53751 30217 59377 50145 19985 37238 43000 40650 4629 84939 80700 15532 49619 8146 84251 8927 54003 61189 87124 74029 83762 73750 21057 7852 34986 
12 123
43202 98295 96092 68806 35398 29785 13317 46326 59710 24411 72475 55531 65567 91612 93190 37143 55510 96508 16569 25312 22798 94042 12653 3893 29943 58245 50634 27344 29552 20543 53885 59281 22382 49524 42730 9369 75669 27406 59751 76646 35270 60974 88178 1400 60605 8238 86664 15632 54303 7790 52983 83841 96136 44570 82594 85490 99070 64977 21700 17505 59422 34953 50948 857 20919 18501 52216 67208 35323 39015 78329 74040 46482 19602 66663 78145 94665 22637 12610 18702 85531 78925 81461 51197 4059 4160 18965 80151 42185 53167 11935 92619 26002 42154 13735 2587 33262 80052 13553 18915 45311 1596 80094 11491 35850 78719 90696 49147 23190 88541 14563 86086 57757 36347 21825 6677 24226 26929 86755 64071 35272 57330 79519 
14 240
1968 92468 98414 58155 2938 9458 43543 19019 55925 73444 24625 12177 74619 43779 95454 26927 97696 49576 63256 95458 72065 84153 23758 49379 78629 18069 42288 72217 47959 7921 22302 32644 16841 20268 18857 65062 1932 87879 21286 94230 81179 75463 73009 11990 90399 54065 23233 91814 71146 61447 10910 90912 9684 2625 86532 87647 35580 75088 83438 42697 75947 31658 5453 44847 85107 48305 70565 7329 74402 51709 19350 47396 79791 17597 91467 4142 76609 10111 8324 68409 7494 21066 62804 94606 88025 60846 16805 27805 41422 75879 46011 87652 91649 62979 28950 74436 42305 66087 1920 3085 67927 57773 14861 46386 14198 46980 51080 8134 76451 30438 665 33114 28025 80308 83585 94599 91002 47721 18012 94416 1643 88598 11408 7382 11120 84742 93754 932 92255 76897 75711 87911 23312 21603 18161 75399 48561 82916 69955 27838 89729 29953 95501 13862 6875 47453 36494 82445 75207 14234 3345 47240 3531 83139 53654 20885 69252 61250 43370 23769 31206 73800 81158 95085 12209 3514 84072 84768 46881 18881 85613 6060 97984 43241 2636 67345 21768 64971 92913 41117 96464 19024 10857 53499 83430 5231 83418 50766 31409 17743 77024 63230 37632 2363 11674 88311 63629 16565 60998 55883 34426 3112 6108 81800 31162 78510 17850 85436 57127 94046 56561 12848 55382 26073 97442 47387 93413 26530 32304 73513 71783 41233 10407 54285 11247 39065 62190 69919 42097 6243 91508 9596 90441 77838 94822 54578 5417 33305 22231 80380 
15 52
74080 72969 4021 9016 17290 17303 44833 26991 41329 62894 12479 99087 70169 18515 10501 26268 90172 13566 23511 94771 5588 11840 80815 76142 2377 26406 75048 60533 52785 87654 66024 23109 72094 21800 38930 37098 93042 89491 64708 71984 98349 95922 73713 21254 57642 60303 79324 62347 14554 65137 96024 53039 
16 107
5259 1374 47273 9434 87997 25288 23843 15493 13654 44870 99004 54986 44993 31001 42799 80932 76488 80654 86053 54700 50310 24076 7320 10565 2649 95683 28842 78008 56314 31177 89860 41307 97809 41057 20217 668 1537 55094 20449 24457 11584 75544 7497 86513 93553 21668 46752 58015 62057 58638 62233 27411 43930 41404 30381 97884 10232 14823 21816 1084 16585 80795 87110 25958 24576 54747 56034 25049 79960 18885 23501 4859 65878 90599 67627 53250 32637 60320 80356 33316 97405 30622 69747 40974 34547 16781 22955 27498 63138 44661 69081 17794 47940 44663 45052 259 94071 96452 5382 53059 2023 48098 73446 37410 66219 96571 59790 
17 202
45257 1075 66431 40628 9494 54346 58179 12761 57031 2883 68736 97155 43542 21039 64471 1375 13368 92422 40771 23586 42214 17022 44202 1208 93812 82436 89017 29555 55693 48986 79528 56261 23031 38975 41957 1676 32998 838 74398 76206 24725 72047 7099 25555 16466 66474 6462 69844 40695 66744 13807 58614 20101 16313 8856 48497 60650 61109 26856 77078 80649 4490 8434 34249 69707 80808 35595 42969 43758 95172 88110 45815 64074 86766 63203 6625 99972 64630 18524 28504 42473 22596 97369 98799 86571 9711 8923 89776 80226 90720 43839 57262 87846 66108 28770 40099 94141 95859 51414 15212 45392 34977 7743 78454 63255 59233 85888 24724 53958 18883 72784 38879 42387 20111 94158 88033 87428 78596 46116 87792 13322 4974 51143 24612 21772 83220 29925 90044 32380 11596 25367 26097 73846 21641 68226 35503 84283 602 48275 30762 36109 97204 94971 30239 62907 19144 49851 18025 17536 73534 51340 56353 45956 48175 61126 65942 25223 92816 13041 21272 21007 95623 91946 40780 69430 35411 64259 99491 98775 18906 13287 54453 12725 31762 30193 58810 69965 63271 59288 69295 53834 21609 41044 41308 86323 87135 7985 44791 37637 81937 28225 88155 34900 19125 34915 79981 95571 48214 43222 4170 2110 96489 
18 182
65553 91656 99743 61192 50977 80708 72008 42993 93222 9063 96879 43167 64859 82885 64923 37514 70596 65893 22694 58089 72043 23826 7009 56714 27307 39250 83966 82652 78218 61666 34185 10619 45206 85811 44156 76327 12079 57191 75502 33960 3985 6527 73935 26961 23676 76964 15202 26323 41023 68664 94175 69748 96793 61492 45887 33717 69670 71946 34443 16862 18293 13098 88777 73823 6173 33325 57864 47118 90274 43401 14954 63304 29138 31182 26225 56179 40425 29113 4901 82373 57361 69242 85923 42825 76668 28176 6762 95510 36744 33141 47697 4437 42237 63944 19431 96762 11404 78466 84545 84571 5770 22756 39108 3418 50126 658 79560 67920 94775 71205 42396 31166 69599 15763 88846 64212 48023 45096 10540 93791 87500 32055 16924 46832 71056 89851 31268 27639 3895 20465 57852 17462 48867 94241 63764 64905 33890 202 40871 44328 25482 64739 22000 16557 75875 95798 37195 12435 4856 31165 32702 90390 56296 4121 52094 24171 41358 9347 98401 48015 59095 49609 49194 5147 68058 72418 77529 47122 87013 37535 51739 92918 33913 23558 45342 55372 54693 87001 8752 20930 66799 31028 
19 84
50583 68672 55807 87804 54730 60482 32674 77568 49777 95440 95273 90738 48396 76593 72748 58792 60037 87898 43439 31553 24792 33849 66779 97261 27547 42987 52677 99663 55726 25256 99751 63804 16584 46611 27713 67725 18631 45370 17045 20669 78143 65079 10914 34537 41495 20680 25752 12750 67087 51023 73409 17037 13489 13844 67810 72106 64381 907 48869 61567 54371 18010 1282 67353 67206 76802 98049 74670 44088 96566 85909 63981 9514 97541 97325 82501 48212 77602 15675 88420 53840 81010 19727 86149 
20 81
6887 87670 85615 2939 3247 11759 32866 69067 22397 27095 46418 75812 10288 17051 30717 20165 15045 162 70603 99216 46954 50102 91341 55246 36339 43545 98849 84378 50732 61443 29235 71505 76295 76655 69326 25003 31139 4469 96020 51823 24558 84373 29644 56322 35016 88442 99589 93110 99016 65383 87764 24741 7440 37292 32321 33207 73703 25290 60279 57635 72024 76950 8790 79116 56090 7890 47688 70650 29089 61468 85919 39858 98434 3481 84608 42656 3920 13394 55231 61675 35967 
21 158
6246 33763 63175 81491 90995 27488 1710 63215 88989 23791 66247 8796 79214 78154 77613 81066 34691 26677 46222 11193 74854 92674 59896 90824 93343 20207 71370 92999 37701 11337 50730 90943 26496 43956 4416 45592 96417 87838 20824 1169 80252 77218 59691 10676 66387 52028 34129 15604 39702 76219 46939 92168 49258 83485 9592 2742 5006 92058 21280 55831 94069 17236 69990 50460 93796 76677 92742 81896 17053 99692 77397 22307 49916 41394 77537 80326 66644 12136 36135 46246 40890 2720 97738 52359 83318 21223 76606 29104 82344 68085 10263 13321 41346 24365 22343 7574 47558 4219 68562 23317 8107 62828 91218 23655 54054 23396 30644 80597 62922 27585 30487 6117 47930 34089 18135 30855 73730 44596 63938 3337 33049 8747 2051 62839 67299 61863 59246 12369 81319 42165 29198 10624 37688 4058 31548 60502 20251 7501 83672 13390 1547 23915 82199 57915 48205 922 28138 77201 22090 39541 51209 84149 53154 30104 62329 60909 31083 4919 
22 69
24274 370 73075 68571 8935 19692 81449 5177 34708 35839 37469 18334 8244 79700 46489 74666 19783 6444 26285 360 84526 41401 58985 58689 82379 52109 2614 13921 81887 65172 17725 78334 24327 11911 79285 64311 4845 69086 57278 20530 87451 52102 1484 90851 417 70480 21534 9421 45766 83009 41357 71199 48274 29352 41665 62209 48809 70369 10324 74413 58856 21519 62534 46282 94890 62067 74946 32324 75309 
23 68
49586 71237 519 6991 828 39629 90837 57563 8932 70149 69900 97963 15363 30515 52713 10477 86991 85204 38372 13925 85142 27299 60914 41234 52401 83254 92839 76251 47373 72134 41670 62262 53801 93826 70685 8573 2504 64426 70233 19143 35373 254 74664 64256 25452 63864 2763 22997 4093 73710 89449 96364 76826 83647 93925 59607 63986 6456 41086 49443 54998 11452 65873 45651 36525 99396 48535 21372 
24 116
64216 53086 12157 65966 30426 15241 37544 34659 41440 93518 44118 11379 67476 91770 66529 41466 44512 48168 80884 77008 57530 52861 61671 86479 74083 44116 85961 40796 49464 41805 1460 50717 10246 5424 35663 46500 34227 19917 20526 57054 63420 61403 97311 24468 57421 11396 18389 36853 26277 10675 53962 1209 57363 99585 68383 58704 79726 59034 52964 53686 34763 50425 60675 74054 64677 78069 53984 37966 26771 2620 58035 23374 84825 31907 94370 36376 74106 19517 25894 18706 25373 58569 34878 69166 58000 76560 78064 77713 89272 5467 10479 58326 58869 22717 88361 89341 16276 83546 15633 85196 36138 21325 40047 82340 74458 92145 11800 42597 49410 46768 74271 44364 71689 17210 14136 92910 
25 51
67897 14740 84623 52540 4085 88113 92453 55072 2233 22455 10086 75111 9626 43358 57340 28114 81291 64449 31396 11683 98126 20283 6573 561 94974 70560 59807 67552 99792 68540 52692 65977 90224 83395 51205 72337 83780 58719 843 42929 49135 2931 54879 32086 67573 2236 51476 65500 87067 43154 51005 
26 42
44325 95408 54188 2310 56977 86788 93743 77585 64515 5360 10013 65706 2373 41836 4697 72167 28224 48061 85260 60531 52091 81514 31213 18406 4836 81743 54467 8634 47293 58238 23838 43637 93913 3353 51765 27409 53060 11831 62072 90284 88391 54833 
27 82
48688 11962 40689 9444 18210 11489 72891 61488 2425 55834 48201 13614 5837 60881 58487 6556 52942 87437 1387 31041 95971 71449 72794 63945 53221 15275 60194 65100 8551 19912 14915 21533 66789 71562 20142 89356 3037 99898 6790 52098 47310 15517 51399 1477 83355 36395 12091 23675 39425 18349 80607 61839 3036 96061 47708 62938 41375 75837 52648 20729 73124 27164 99182 35985 25093 70204 38818 54093 41306 58666 57639 50588 33805 15063 59904 85359 75257 63955 57566 20137 24246 87012 
28 64
94988 97677 29589 18683 71187 50221 18920 2400 29901 65789 30264 16770 82336 92459 92264 17594 64667 46587 72902 86964 85889 46499 43862 20486 87780 21500 84312 13201 30750 17584 81330 7734 69324 29042 41067 44903 99507 956 75419 50307 44455 23815 44211 29888 48660 91492 64697 96444 40733 52613 71675 2300 24905 58542 97254 25581 20067 38361 4492 93801 93225 76986 77704 69448 
29 29
20784 86821 74075 49417 28421 37515 90096 27010 69937 37727 88351 40204 87251 96253 42465 98320 39188 24262 34455 52782 92416 99150 3288 6489 75396 83204 45329 2047 94507 
30 23
20834 70543 17228 74817 84019 51566 2533 36743 11460 53586 20228 9443 74656 38702 62833 81945 53598 3807 54480 73689 29647 46922 87102 
31 40
48614 84387 9712 49970 72377 32206 8279 17689 45106 96263 76474 43896 67827 27096 96574 43305 40671 76002 59371 32030 4564 7206 23038 51582 4283 88695 80747 45368 51788 97170 41167 67839 91671 17427 54769 85263 39668 54291 16212 75142 
32 36
30094 50311 74031 28638 53781 13621 85411 55932 74624 35495 91126 86473 45394 40315 15943 33623 10661 88279 24047 58363 92837 95726 25900 58108 90386 45812 12820 86275 26396 32000 86271 58596 10024 39543 94847 87268 
33 28
24606 12405 27785 8608 27073 30964 81419 1667 74466 99583 39007 52338 37500 60906 97919 45142 60949 79483 94172 2789 48933 62477 18116 47747 73678 57751 42774 77422 
34 5
71462 82017 57962 32252 94296 
35 2
91112 42403 
